# 16:37 - 17:56 -> 79 min
# Number	beat-frequency [MHz]	sigma [MHz]
0	20.3072	0.343277
1	23.5189	0.290819
2	25.742	0.349704
3	23.1156	0.35218
4	17.9481	0.443323
5	27.1313	0.208076
6	28.3042	0.272535
7	17.7299	0.260825
8	26.6314	0.262276
9	20.9569	0.453644
10	25.4761	0.261309
11	25.4492	0.252708
12	21.5124	0.179377
13	23.6065	0.373951
14	18.1589	0.24133
15	24.1541	0.327954
16	23.6537	0.278915
17	25.9311	0.534689
18	21.6932	0.46359
19	23.7632	0.248651
20	15.043	0.444202
21	15.9926	0.36446
22	21.2974	0.535505
23	21.8217	0.440888
24	25.0765	0.272944
25	19.8411	0.304254
26	22.8336	0.281514
27	18.804	0.357477
28	19.3563	0.306812
29	17.838	0.392003
30	24.6237	0.329885
31	26.4133	0.300221
32	21.0535	0.282862
33	27.5483	0.213901
34	21.136	0.229168
35	21.909	0.246979
36	20.6795	0.336702
37	17.5089	0.28632
38	20.0078	0.271247
39	23.1927	0.284604
40	29.8305	0.244458
41	26.9071	0.342269
42	20.4994	0.25377
43	17.4814	0.14255
44	20.1925	0.194849
45	20.1487	0.428705
46	18.5473	0.384905
47	21.9094	0.328497
48	19.6353	0.428542
49	20.5585	0.385065
50	30.2286	0.110924
51	18.1045	0.369073
52	25.8223	0.282503
53	20.5231	0.363665
54	21.5597	0.590395
55	24.2016	0.225733
56	27.3429	0.338824
57	19.8742	0.399933
58	23.0356	0.350774
59	21.459	0.339415
60	22.7596	0.223764
61	19.5688	0.462457
62	10.027	0.260971
63	18.5213	0.286029
64	20.2989	0.460434
65	17.5867	0.283893
66	22.339	0.362632
67	23.069	0.230595
68	20.0659	0.473955
69	18.7318	0.392628
70	27.0506	0.255447
71	18.2302	0.360226
72	21.7387	0.40488
73	27.2149	0.42819
74	25.0664	0.609701
75	20.4646	0.370441
76	26.8195	0.307968
77	24.0175	0.131086
78	22.7081	0.340485
79	18.273	0.379309
80	21.9207	0.364638
81	22.2729	0.285991
82	21.9001	0.299871
83	20.8496	0.231912
84	19.7325	0.394144
85	21.9069	0.33963
86	15.3825	0.536013
87	20.0528	0.321079
88	22.1743	0.29189
89	23.1958	0.298146
90	19.7013	0.417132
91	22.7479	0.239402
92	19.0225	0.335618
93	19.2188	0.317477
94	32.3107	0.244567
95	18.8709	0.365166
96	16.3182	0.373295
97	25.5281	0.312975
98	31.4194	0.261114
99	21.9468	0.412083
100	20.5017	0.263214
101	28.3285	0.235356
102	23.365	0.354434
103	19.1115	0.398788
104	20.9145	0.202321
105	19.9421	0.303795
106	21.2364	0.551802
107	19.593	0.321414
108	21.1428	0.397847
109	18.9995	0.350954
110	24.9732	0.370302
111	21.1017	0.295841
112	17.9785	0.40186
113	21.546	0.305664
114	20.0024	0.256022
115	12.7639	0.331958
116	19.1212	0.389454
117	24.339	0.31846
118	18.0029	0.264127
119	26.5907	0.320032
120	12.2293	0.300263
121	18.2971	0.524995
122	25.4582	0.368247
123	24.9695	0.464397
124	21.5703	0.255308
125	14.1733	0.384517
126	23.9314	0.235037
127	19.1167	0.419213
128	24.0004	0.515155
129	26.0013	0.304013
130	27.3306	0.2676
131	24.5758	0.287781
132	28.1658	0.311423
133	22.4972	0.251221
134	23.7343	0.37646
135	24.2264	0.466366
136	23.6996	0.318637
137	21.4735	0.303979
138	21.5469	0.416771
139	23.9662	0.326622
140	22.2221	0.208358
141	24.8296	0.191149
142	15.1559	0.408711
143	23.4175	0.260772
144	22.6459	0.406437
145	23.2928	0.51142
146	24.3755	0.234952
147	25.2937	0.401876
148	21.9082	0.226799
149	22.1436	0.365636
150	24.849	0.276204
151	23.4004	0.289112
152	22.3384	0.380925
153	24.4893	0.473873
154	21.1287	0.412567
155	21.4898	0.37071
156	27.4459	0.241473
157	23.864	0.318783
158	19.5934	0.390636
159	20.3349	0.296206
160	22.7838	0.196546
161	27.7995	0.279237
162	23.6124	0.385332
163	26.9422	0.442196
164	21.3683	0.372449
165	20.7138	0.308986
166	23.0257	0.349014
167	19.6378	0.443755
168	18.7206	0.224034
169	22.6879	0.271332
170	21.1046	0.310965
171	24.7013	0.358807
172	20.0721	0.431992
173	19.9269	0.427946
174	25.9061	0.368505
175	24.7108	0.272878
176	24.1298	0.418829
177	24.6657	0.212606
178	22.1543	0.264155
179	22.7096	0.470038
180	17.8745	0.376063
181	25.4528	0.398475
182	18.6549	0.31447
183	22.9839	0.313268
184	27.1493	0.103781
185	23.7978	0.234206
186	24.5743	0.351185
187	24.0989	0.29539
188	19.6263	0.316675
189	22.0884	0.469193
190	17.1538	0.322987
191	23.1948	0.226733
192	22.0848	0.202233
193	23.2575	0.357927
194	20.4167	0.459214
195	26.3555	0.551397
196	22.6153	0.421998
197	26.3731	0.319235
198	21.0714	0.316814
199	21.4417	0.358444
200	20.9313	0.835764
201	23.3602	0.371393
202	19.2732	0.377795
203	19.443	0.329625
204	21.2298	0.276187
205	21.9708	0.226607
206	20.4805	0.343405
207	22.9363	0.497445
208	23.6433	0.318374
209	23.5746	0.296249
210	24.2144	0.340593
211	20.7834	0.238242
212	20.038	0.285462
213	23.7169	0.285666
214	26.279	0.321468
215	21.7352	0.240399
216	21.4123	0.23746
217	24.09	0.471919
218	20.8763	0.304961
219	22.875	0.309562
220	13.5953	0.237193
221	20.0365	0.311459
222	21.0942	0.324638
223	17.6662	0.36588
224	19.5602	0.318703
225	25.8552	0.291417
226	21.3168	0.396561
227	26.2921	0.531574
228	16.7772	0.497674
229	22.0935	0.432758
230	27.0718	0.307159
231	25.9717	0.242387
232	25.2076	0.267202
233	18.8912	0.325525
234	23.5963	0.200424
235	23.4511	0.268443
236	24.7237	0.36085
237	24.6711	0.344921
238	25.1942	0.247441
239	23.7688	0.320444
240	25.8334	0.262742
241	23.7165	0.28547
242	26.7671	0.302561
243	21.5543	0.280537
244	25.7805	0.229881
245	24.5086	0.351753
246	18.9498	0.273691
247	26.2166	0.356298
248	25.4116	0.216256
249	24.9215	0.215237
250	28.7467	0.33432
251	23.8998	0.217552
252	19.5906	0.369888
253	22.5011	0.367587
254	24.4	0.385817
255	23.9927	0.281343
256	21.7334	0.242678
257	20.8297	0.333347
258	23.3232	0.287243
259	24.7316	0.183695
260	26.4945	0.221612
261	18.9117	0.451712
262	20.8789	0.326949
263	24.5701	0.282837
264	18.1403	0.394612
265	19.8885	0.314276
266	22.6848	0.436379
267	23.7116	0.50831
268	22.9798	0.364718
269	21.7332	0.355456
270	21.0647	0.420314
271	21.91	0.294807
272	23.0127	0.392296
273	24.3161	0.386842
274	24.2615	0.413647
275	18.6371	0.334732
276	25.292	0.23497
277	15.6093	0.358908
278	18.1223	0.317787
279	21.8329	0.416674
280	26.9126	0.154587
281	24.3806	0.368334
282	20.4585	0.280629
283	25.6109	0.274931
284	23.1193	0.273672
285	19.9759	0.392586
286	18.9398	0.28576
287	25.9643	0.279568
288	23.8018	0.377568
289	28.5039	0.204542
290	21.1427	0.32276
291	32.0443	0.158021
292	18.5012	0.249647
293	19.6871	0.265846
294	31.0219	0.485611
295	24.8565	0.353786
296	20.4081	0.372638
297	25.6402	0.265426
298	21.029	0.308732
299	21.5056	0.401453
300	20.1409	0.436895
301	17.5902	0.351579
302	21.1447	0.264166
303	23.1519	0.27556
304	20.1546	0.324868
305	22.8124	0.215156
306	20.5721	0.409772
307	17.7535	0.399855
308	23.588	0.328028
309	22.5007	0.236398
310	20.5106	0.258219
311	22.0047	0.252672
312	22.4915	0.463642
313	22.8853	0.346407
314	16.3831	0.260931
315	20.7343	0.256937
316	25.0892	0.23945
317	19.0012	0.343812
318	19.7795	0.266459
319	18.7225	0.335204
320	24.3086	0.22538
321	21.5872	0.324196
322	24.9668	0.337482
323	19.6568	0.382049
324	20.9894	0.327689
325	20.1879	0.268691
326	27.0793	0.274082
327	24.6892	0.264044
328	20.4817	0.211188
329	24.6753	0.219802
330	23.1139	0.306119
331	24.6036	0.303975
332	21.1119	0.541913
333	23.1156	0.308843
334	22.3044	0.218069
335	20.9902	0.230881
336	22.4313	0.394583
337	24.2741	0.388539
338	23.6646	0.358111
339	25.0581	0.277219
340	24.8992	0.263222
341	17.5302	0.464548
342	18.938	0.220599
343	23.2136	0.313334
344	18.4329	0.385638
345	24.1975	0.229441
346	24.2459	0.50844
347	26.6181	0.202141
348	16.4193	0.306347
349	22.3713	0.541313
350	23.8901	0.351175
351	25.8531	0.34169
352	24.052	0.36507
353	23.2137	0.367184
354	16.6718	0.392456
355	23.9871	0.320827
356	22.1043	0.340907
357	23.8803	0.288988
358	20.6962	0.341205
359	24.2547	0.279556
360	26.9283	0.213544
361	17.5779	0.353103
362	23.2312	0.250346
363	22.9937	0.345868
364	18.2885	0.300795
365	17.112	0.32549
366	23.185	0.34417
367	24.1159	0.329819
368	18.5466	0.432606
369	22.9387	0.34914
370	17.6498	0.256276
371	26.2256	0.214616
372	22.7895	0.358101
373	21.6447	0.326733
374	23.3052	0.30013
375	19.8679	0.301096
376	20.1042	0.282348
377	20.8884	0.238793
378	23.9704	0.160194
379	26.1372	0.258766
380	30.16	0.109209
381	24.0336	0.34734
382	26.2358	0.305208
383	17.771	0.450499
384	24.6942	0.171904
385	27.3214	0.279386
386	25.8009	0.247639
387	26.4015	0.386926
388	24.6229	0.377345
389	25.1972	0.271294
390	22.8006	0.246062
391	22.8968	0.294575
392	24.4442	0.311822
393	27.3847	0.243087
394	19.9968	0.33799
395	21.2521	0.239422
396	21.6431	0.270488
397	20.996	0.361508
398	24.4627	0.33082
399	20.9693	0.419343
400	22.2441	0.403743
401	23.8043	0.4054
402	21.2466	0.259645
403	23.3367	0.304018
404	24.4012	0.204683
405	19.2202	0.360983
406	24.391	0.305674
407	20.7055	0.287385
408	25.5196	0.288093
409	24.8858	0.398492
410	21.5749	0.367673
411	21.9946	0.289987
412	19.0064	0.353337
413	21.7451	0.405129
414	22.1976	0.392153
415	18.2765	0.233893
416	21.9238	0.181362
417	21.9538	0.340237
418	24.8711	0.268652
419	20.2707	0.291966
420	24.3106	0.206423
421	23.5302	0.645689
422	21.3329	0.31435
423	20.3549	0.355161
424	23.6547	0.245602
425	14.3277	0.450145
426	23.7639	0.315898
427	26.0854	0.280326
428	17.3628	0.350436
429	22.4493	0.255581
430	18.5046	0.394157
431	19.4848	0.322499
432	20.1747	0.227341
433	25.0405	0.327876
434	21.7827	0.414962
435	19.513	0.17038
436	24.6156	0.30034
437	21.8221	0.296616
438	19.2245	0.386056
439	24.3084	0.372326
440	22.588	0.185196
441	25.6193	0.195108
442	21.0215	0.417754
443	20.5218	0.263489
444	22.2694	0.410182
445	21.2025	0.336101
446	25.0143	0.268385
447	26.0063	0.34084
448	17.7544	0.215169
449	18.4241	0.293677
450	21.9239	0.293182
451	22.6812	0.49618
452	20.1797	0.406867
453	21.4562	0.222311
454	23.1454	0.395605
455	20.177	0.302851
456	21.3674	0.361558
457	23.5946	0.407379
458	18.5731	0.19499
459	17.6406	0.265319
460	22.611	0.25893
461	25.483	0.304691
462	18.9695	0.440627
463	23.187	0.137031
464	18.8156	0.461557
465	25.0533	0.289499
466	20.5063	0.396147
467	22.7696	0.280435
468	25.96	0.388
469	25.2394	0.426301
470	23.6011	0.495623
471	22.0986	0.237969
472	22.1889	0.283064
473	22.547	0.292693
474	21.112	0.376057
475	30.7314	0.234263
476	34.492	0.219601
477	21.2781	0.233424
478	23.2117	0.271332
479	20.5268	0.211091
480	20.1752	0.537712
481	27.4172	0.251164
482	21.5459	0.21364
483	14.7657	0.374088
484	21.6347	0.376999
485	17.546	0.40995
486	20.7923	0.398753
487	20.2151	0.233062
488	28.6312	0.23202
489	21.9268	0.269865
490	21.5122	0.128369
491	21.9289	0.155099
492	26.4671	0.39038
493	17.2093	0.215513
494	22.0334	0.375345
495	24.4585	0.269116
496	19.8562	0.295203
497	23.5806	0.262654
498	20.1805	0.331597
499	23.6427	0.297667
500	16.7312	0.30177
501	26.5808	0.203388
502	26.1369	0.295329
503	24.8221	0.317742
504	23.6507	0.257726
505	21.9381	0.313862
506	21.327	0.401975
507	19.9724	0.345771
508	21.8518	0.168979
509	23.9274	0.22275
510	23.5046	0.340556
511	24.8052	0.465918
512	23.4068	0.253422
513	24.2896	0.456098
514	20.4629	0.390317
515	22.2878	0.169514
516	23.9709	0.210609
517	18.0136	0.367168
518	23.4026	0.339982
519	19.8794	0.234043
520	25.3298	0.266042
521	20.5223	0.43243
522	21.3201	0.371878
523	21.091	0.319438
524	19.9201	0.280208
525	27.3597	0.560548
526	18.5851	0.235608
527	24.0002	0.31626
528	22.3077	0.245051
529	20.383	0.343265
530	20.7121	0.17094
531	26.3414	0.18748
532	27.6554	0.399857
533	24.9685	0.209758
534	26.3293	0.338236
535	22.0559	0.307018
536	19.6183	0.27982
537	21.7478	0.210636
538	28.9398	0.115847
539	20.3824	0.225947
540	24.0937	0.230333
541	20.0422	0.340109
542	22.5868	0.506146
543	20.9234	0.39802
544	23.4053	0.317472
545	20.7581	0.404405
546	24.1526	0.202124
547	31.2556	0.239551
548	25.1525	0.403584
549	21.9842	0.288907
550	24.9652	0.286016
551	25.5488	0.161785
552	23.6439	0.314491
553	15.398	0.430332
554	21.5205	0.372531
555	24.004	0.323411
556	20.8903	0.227238
557	18.2548	0.30686
558	25.6889	0.315059
559	24.5271	0.306061
560	17.5078	0.191665
561	23.1321	0.313466
562	24.2903	0.344455
563	24.5391	0.335828
564	25.3077	0.423
565	18.0115	0.28229
566	20.177	0.331772
567	21.5099	0.308678
568	21.7299	0.305134
569	25.351	0.247204
570	22.6198	0.32861
571	17.9262	0.500314
572	27.6221	0.359195
573	24.2624	0.471318
574	20.987	0.252027
575	19.7425	0.309494
576	25.3754	0.278725
577	22.9667	0.310897
578	19.9674	0.263006
579	21.6385	0.249677
580	23.2275	0.32346
581	18.7054	0.385616
582	17.0809	0.358962
583	25.7252	0.293176
584	20.6707	0.262147
585	20.5578	0.287674
586	15.0974	0.296528
587	23.337	0.14346
588	20.7994	0.265177
589	21.6013	0.309985
590	23.9631	0.371734
591	22.6732	0.380219
592	21.8079	0.368131
593	20.3535	0.412632
594	23.1076	0.3787
595	24.9638	0.242232
596	23.0689	0.342164
597	20.5351	0.363349
598	26.8652	0.267619
599	23.5419	0.315279
600	22.1556	0.358886
601	25.5796	0.334117
602	27.6172	0.290424
603	24.9272	0.373434
604	21.2152	0.247523
605	22.5817	0.286288
606	23.4961	0.339055
607	17.7828	0.314582
608	27.1581	0.354442
609	25.1864	0.268025
610	22.9932	0.289215
611	22.3307	0.277095
612	19.4735	0.273282
613	22.2579	0.343066
614	19.5566	0.365572
615	21.7055	0.294277
616	22.0805	0.243102
617	21.3515	0.227642
618	17.1336	0.238901
619	23.2625	0.218162
620	21.8063	0.318665
621	22.2711	0.35401
622	20.1403	0.370685
623	21.0756	0.286876
624	23.544	0.363075
625	22.604	0.172232
626	23.2929	0.223099
627	22.5338	0.279418
628	26.4581	0.276411
629	19.5965	0.335231
630	21.7016	0.356541
631	21.2971	0.349938
632	21.6917	0.385859
633	22.1754	0.279592
634	21.0973	0.460048
635	20.027	0.368736
636	25.3721	0.242528
637	20.0297	0.23306
638	22.6252	0.209007
639	24.1725	0.413911
640	20.3396	0.31728
641	27.5988	0.271863
642	21.501	0.274984
643	18.9073	0.434179
644	22.5849	0.299465
645	25.0918	0.322219
646	24.4058	0.214964
647	18.1407	0.354035
648	26.1247	0.387952
649	23.6075	0.364111
650	18.0379	0.479438
651	19.6233	0.37151
652	18.8779	0.453365
653	19.2094	0.344595
654	22.828	0.3934
655	19.8627	0.451965
656	23.9075	0.277808
657	21.9445	0.338607
658	23.3126	0.416122
659	19.4385	0.550663
660	20.4165	0.431987
661	22.7298	0.267004
662	22.9465	0.543122
663	20.137	0.419823
664	25.4569	0.271471
665	23.6033	0.397049
666	17.614	0.336574
667	22.8079	0.425893
668	25.9275	0.27468
669	24.02	0.343027
670	24.7552	0.318433
671	25.1468	0.28169
672	22.7561	0.411895
673	22.8137	0.295335
674	20.2186	0.246114
675	24.2624	0.397716
676	20.1222	0.207983
677	22.9532	0.334002
678	22.2263	0.244125
679	26.3381	0.257138
680	21.8136	0.278027
681	23.3729	0.266281
682	25.5263	0.312791
683	24.9792	0.270518
684	24.2464	0.284997
685	21.2693	0.301331
686	22.5478	0.340921
687	21.2641	0.208894
688	24.9957	0.33433
689	20.7293	0.266669
690	22.9267	0.494929
691	25.0784	0.291551
692	19.6094	0.320586
693	23.0137	0.304775
694	20.8869	0.210478
695	22.6384	0.433614
696	28.1321	0.393993
697	19.9972	0.363019
698	22.6344	0.344842
699	31.7018	0.1797
700	17.3116	0.212043
701	24.0696	0.326965
702	19.4982	0.220536
703	23.0914	0.292226
704	22.1938	0.31228
705	23.0005	0.339885
706	25.4439	0.172214
707	23.2058	0.382211
708	25.2133	0.279586
709	27.0037	0.244709
710	19.6582	0.418053
711	18.6874	0.325676
712	28.6257	0.275745
713	23.1105	0.463439
714	18.7354	0.231345
715	22.8868	0.187136
716	22.9062	0.532848
717	26.1519	0.303506
718	21.029	0.340775
719	20.4111	0.240095
720	25.6804	0.325854
721	20.5847	0.466546
722	24.1083	0.214687
723	16.6726	0.305828
724	20.3633	0.365594
725	21.0014	0.298361
726	20.7474	0.587113
727	20.623	0.285144
728	21.2293	0.463881
729	21.4253	0.489927
730	20.2938	0.325585
731	24.8626	0.275305
732	18.5823	0.424072
733	25.3258	0.253143
734	19.6922	0.368851
735	24.285	0.34809
736	21.0894	0.346214
737	26.593	0.310714
738	23.2905	0.384686
739	21.9435	0.494093
740	25.7501	0.285338
741	17.3653	0.431893
742	21.5963	0.347065
743	24.845	0.262935
744	18.0861	0.314495
745	31.7003	0.245803
746	23.4199	0.213743
747	25.1218	0.276493
748	18.6363	0.566813
749	23.7374	0.327644
750	25.2937	0.225474
751	20.7037	0.469682
752	24.217	0.28838
753	22.0621	0.305315
754	20.784	0.503178
755	20.482	0.285014
756	18.7782	0.375456
757	15.7598	0.355457
758	23.1557	0.346249
759	21.4075	0.274259
760	22.6485	0.253787
761	26.7004	0.18996
762	16.653	0.366515
763	22.702	0.248638
764	21.8219	0.497864
765	25.3974	0.194493
766	14.2621	0.321533
767	24.7328	0.256539
768	21.7144	0.295572
769	22.6437	0.235389
770	21.2233	0.321081
771	21.179	0.210448
772	20.612	0.446955
773	26.4027	0.31867
774	24.7507	0.357964
775	17.868	0.354708
776	23.1936	0.226032
777	14.4232	0.411674
778	22.1754	0.188344
779	25.6664	0.346433
780	25.5951	0.22148
781	18.3839	0.139968
782	23.1498	0.28704
783	25.923	0.342381
784	21.9412	0.192237
785	21.7343	0.355569
786	22.1061	0.271851
787	22.3399	0.306187
788	20.6481	0.36149
789	26.1794	0.372822
790	17.4472	0.264289
791	18.1968	0.339278
792	24.9133	0.385394
793	24.3178	0.383357
794	16.8455	0.191237
795	25.634	0.283664
796	18.8081	0.38677
797	18.9394	0.340691
798	25.9512	0.240757
799	25.2958	0.556598
800	20.7803	0.311141
801	21.9035	0.373741
802	20.6146	0.28304
803	22.409	0.28685
804	19.8876	0.384048
805	20.9469	0.386125
806	25.0452	0.187872
807	21.7982	0.36411
808	24.6765	0.30944
809	20.2209	0.445987
810	25.3738	0.308017
811	21.7207	0.274785
812	21.5786	0.368933
813	22.9857	0.25451
814	19.4684	0.365421
815	20.45	0.329374
816	16.6766	0.261246
817	25.1628	0.267882
818	24.4993	0.219702
819	20.5878	0.32
820	20.4056	0.303379
821	22.2405	0.319193
822	27.3285	0.393638
823	24.127	0.460419
825	19.5108	0.372344
826	28.3683	0.274341
827	27.0834	0.164235
828	20.9086	0.352552
829	25.4233	0.446032
830	22.3433	0.238145
831	25.5993	0.219654
832	20.7012	0.214297
833	20.861	0.324669
834	24.9487	0.298879
835	19.5975	0.393124
836	20.0485	0.31891
837	20.1581	0.28436
838	20.4655	0.360886
839	24.9236	0.315127
840	15.6245	0.213596
841	25.6322	0.321541
842	24.4952	0.364456
843	19.3297	0.340071
844	26.3704	0.284829
845	20.0821	0.27872
846	22.8751	0.285303
847	22.5484	0.402523
848	23.845	0.468763
849	22.6595	0.329618
850	21.7049	0.232342
851	26.212	0.357738
852	18.4019	0.321903
853	21.4426	0.33378
854	22.0399	0.411651
855	25.8614	0.295487
856	25.6034	0.329467
857	21.7469	0.325212
858	23.13	0.317577
859	23.0328	0.477533
860	26.3749	0.385829
861	17.3333	0.318496
862	19.0233	0.376215
863	20.8593	0.416148
864	18.7589	0.382404
865	21.4507	0.408455
866	24.1588	0.393393
867	24.1956	0.424431
868	28.5055	0.427522
869	23.3671	0.17046
870	20.4567	0.603713
871	19.8325	0.302843
872	22.0779	0.265391
873	20.5089	0.252291
874	23.2138	0.33686
875	23.4473	0.509234
876	23.4923	0.366897
877	25.5637	0.364699
878	20.8133	0.534525
879	18.6345	0.42604
880	16.2141	0.501755
881	20.3704	0.437662
882	23.6989	0.362399
883	24.4346	0.235413
884	23.958	0.249612
885	18.9469	0.34941
886	24.7763	0.397921
887	24.2589	0.326845
888	21.4189	0.321777
889	23.5798	0.332959
890	22.1326	0.549824
891	23.0766	0.271322
892	28.3986	0.15892
893	21.4948	0.458915
894	17.0295	0.243207
895	21.3323	0.326165
896	15.687	0.254695
897	19.8393	0.415727
898	20.8208	0.466769
899	20.9212	0.333731
900	20.5919	0.337615
901	24.228	0.415408
902	20.8013	0.366035
903	23.6974	0.184991
904	19.0385	0.292995
905	26.9987	0.192684
906	23.7931	0.446176
907	24.4862	0.165716
908	30.7084	0.224199
909	28.9473	0.304939
910	30.6012	0.294523
911	21.4399	0.259922
912	23.7979	0.315356
913	21.5903	0.309704
914	24.3604	0.272821
915	22.1654	0.389523
916	26.602	0.325902
917	20.6818	0.316063
918	21.1221	0.366792
919	24.9081	0.524564
920	24.9045	0.343287
921	19.1073	0.378545
922	23.3982	0.323163
923	24.0661	0.244378
924	23.9092	0.32143
925	24.7432	0.262949
926	25.4845	0.289157
927	22.3171	0.274486
928	19.186	0.320311
929	24.9137	0.39445
930	24.2059	0.315079
931	23.3186	0.238055
932	19.2231	0.530429
933	19.481	0.327968
934	20.6751	0.371541
935	21.6242	0.228988
936	21.2724	0.28091
937	25.7129	0.295317
938	23.1731	0.263314
939	21.9439	0.363867
940	23.7974	0.331877
941	22.1675	0.399678
942	22.5444	0.226288
943	23.1791	0.289555
944	27.808	0.383123
945	27.1305	0.458234
946	14.7655	0.386759
948	24.7814	0.336788
949	21.5269	0.560074
950	20.7905	0.392592
951	25.5202	0.307903
952	23.336	0.33495
953	21.7216	0.363719
954	23.6809	0.323481
955	22.1421	0.431677
956	21.9142	0.113841
957	22.6955	0.373367
958	19.6966	0.295096
959	21.2418	0.324342
960	20.5954	0.312872
961	20.8922	0.311757
962	19.0707	0.314302
963	25.8507	0.256612
964	23.5429	0.449616
965	22.7928	0.314521
966	21.0156	0.25766
967	25.2004	0.297509
968	29.2255	0.272175
969	21.9673	0.227834
970	20.8925	0.382567
971	24.4087	0.358088
972	23.9141	0.398942
973	28.8304	0.350336
974	19.8185	0.277708
975	22.297	0.29292
976	27.9362	0.236142
977	26.2857	0.221537
978	27.8604	0.253332
979	23.9386	0.306999
980	27.7567	0.353192
981	18.0623	0.389385
982	27.9243	0.427871
983	23.1287	0.454797
984	20.9707	0.205433
985	24.7295	0.269436
986	27.071	0.354764
987	26.7079	0.311246
988	18.5957	0.37941
989	23.7773	0.372352
990	25.6883	0.348942
991	22.4451	0.29646
992	22.9557	0.343665
993	19.461	0.413507
994	24.2633	0.334255
995	23.7563	0.289446
996	22.4538	0.35826
997	21.9643	0.320668
998	17.6765	0.310141
999	20.3767	0.47072
1000	22.4217	0.307831
1001	26.8199	0.197765
1002	22.2829	0.337325
1003	19.8719	0.41369
1004	18.2363	0.31116
1005	22.2259	0.244539
1006	23.2007	0.320898
1007	20.8291	0.385541
1008	18.3963	0.234729
1009	20.5366	0.381511
1010	26.8899	0.292295
1011	23.8612	0.364488
1012	23.1961	0.3448
1013	19.4389	0.283679
1014	26.7379	0.280286
1015	22.2469	0.427027
1016	19.7528	0.328853
1017	28.3645	0.186808
1018	25.1853	0.311926
1019	19.011	0.331409
1020	22.9152	0.200569
1021	24.0126	0.263838
1022	19.1648	0.306991
1023	24.9069	0.356384
1024	26.1716	0.245369
1025	26.7688	0.156383
1026	16.6673	0.322968
1027	19.9165	0.27364
1028	30.4591	0.442376
1029	21.9053	0.354233
1030	22.2584	0.268705
1031	21.84	0.240142
1032	18.743	0.371037
1033	23.739	0.30092
1034	19.328	0.343379
1035	26.4114	0.288025
1036	26.61	0.292591
1037	17.3845	0.235436
1038	25.6577	0.302124
1039	25.2883	0.161373
1040	25.2253	0.341706
1041	21.8317	0.531787
1042	23.3541	0.325457
1043	30.1803	0.278789
1044	20.9375	0.396382
1045	20.7703	0.299205
1046	23.9957	0.803829
1047	25.5437	0.311252
1048	23.0993	0.290419
1049	21.6097	0.317743
1050	21.7677	0.492217
1051	24.0195	0.193674
1052	21.5283	0.607214
1053	21.3969	0.257538
1054	18.3416	0.304061
1055	18.1738	0.465008
1056	21.1011	0.178698
1057	23.3153	0.430666
1058	21.5529	0.330722
1059	13.8527	0.519418
1060	24.8052	0.327985
1061	18.0597	0.248792
1062	23.2964	0.329646
1063	23.6849	0.413962
1064	20.9401	0.230403
1065	21.7267	0.23903
1066	22.758	0.321221
1067	22.7784	0.290065
1068	21.7625	0.327246
1069	18.6814	0.407824
1070	20.465	0.302097
1071	21.3662	0.46091
1072	23.9351	0.361769
1073	23.641	0.279146
1074	20.7952	0.252828
1075	20.6942	0.281435
1076	26.8044	0.355582
1077	22.7912	0.301902
1078	23.5931	0.401649
1079	23.0203	0.305147
1080	21.9529	0.324421
1081	24.1066	0.347264
1082	20.8283	0.397825
1083	22.8632	0.349768
1084	19.7264	0.305153
1085	24.3156	0.287643
1086	24.1618	0.321915
1087	22.1344	0.273867
1088	21.6486	0.256187
1089	21.5325	0.299389
1090	22.467	0.397749
1091	18.3466	0.184711
1092	19.929	0.335336
1093	13.4652	0.337894
1094	21.8127	0.33116
1095	22.675	0.42166
1096	19.4445	0.303414
1097	23.9991	0.288078
1098	17.0516	0.213058
1099	20.2403	0.256007
1100	23.5137	0.211891
1101	21.8941	0.217265
1102	23.2372	0.316092
1103	21.9005	0.369356
1104	22.4363	0.207509
1105	23.1881	0.330128
1106	22.7542	0.327929
1107	25.0318	0.291213
1108	21.564	0.357491
1109	25.406	0.218587
1110	18.6603	0.449422
1111	26.2874	0.220605
1112	23.6953	0.279952
1113	27.2443	0.342491
1114	21.9611	0.239129
1115	19.5691	0.295244
1116	21.2776	0.306297
1117	20.715	0.28427
1118	24.6194	0.279292
1119	25.1498	0.505165
1120	21.9677	0.262162
1121	23.4532	0.361542
1122	22.8746	0.35888
1123	17.5762	0.296968
1124	23.1529	0.375376
1125	22.0001	0.390719
1126	24.0082	0.411491
1127	24.6635	0.232114
1128	21.7979	0.327096
1129	24.6135	0.219517
1130	21.9877	0.395583
1131	23.8141	0.298594
1132	17.521	0.395911
1133	21.6028	0.275105
1134	22.7601	0.343686
1135	17.7867	0.29422
1136	18.6481	0.395216
1137	25.655	0.21495
1138	22.8452	0.353999
1139	19.5919	0.437652
1140	20.6065	0.300944
1141	22.3252	0.416146
1142	18.5562	0.261292
1143	25.9903	0.233641
1144	26.229	0.260797
1145	22.8004	0.258727
1146	21.8533	0.437445
1147	25.7903	0.251915
1148	25.6125	0.200321
1149	21.1608	0.284385
1150	21.5142	0.200851
1151	20.0508	0.283936
1152	21.5683	0.302157
1153	27.0913	0.321784
1154	21.8702	0.260474
1155	26.3064	0.549215
1156	23.226	0.502822
1157	17.8962	0.465004
1158	18.6731	0.308968
1159	19.9797	0.356219
1160	29.8823	0.440487
1161	25.9264	0.258588
1162	21.8862	0.193834
1163	20.4488	0.307661
1164	22.1885	0.258896
1165	22.6355	0.233825
1166	26.3795	0.475457
1167	22.4011	0.31465
1168	23.3014	0.404509
1169	30.0666	0.18683
1170	29.4255	0.231884
1171	21.9305	0.408058
1172	25.0131	0.298492
1173	19.6345	0.283325
1174	18.5504	0.342411
1175	21.9809	0.257842
1176	20.6574	0.349508
1177	24.3781	0.368162
1178	21.3564	0.433623
1179	18.2507	0.337804
1180	22.48	0.482032
1181	16.4834	0.286413
1182	23.9176	0.17298
1183	23.4278	0.193235
1184	24.0911	0.280584
1185	22.1553	0.518797
1186	22.8279	0.344
1187	20.9126	0.322116
1188	21.5556	0.237378
1189	24.4276	0.269092
1190	20.2019	0.243833
1191	23.9892	0.31359
1192	24.5771	0.17089
1193	19.8899	0.414032
1194	22.6618	0.250984
1195	21.3602	0.170723
1196	19.7461	0.295818
1197	21.3014	0.330238
1198	23.6629	0.325179
1199	18.9679	0.239649
1200	20.0913	0.235048
1201	28.6005	0.187796
1202	21.2896	0.427199
1203	19.8178	0.421844
1204	27.1218	0.283248
1205	23.746	0.182681
1206	21.9919	0.421548
1207	21.0909	0.325339
1208	22.3276	0.222639
1209	20.0942	0.435813
1210	22.7588	0.342282
1211	22.3212	0.317441
1212	22.0752	0.385621
1213	23.8368	0.380861
1214	19.8138	0.322539
1215	22.2396	0.235676
1216	19.1729	0.316402
1217	25.0678	0.168173
1218	21.4617	0.278736
1219	22.2511	0.302168
1220	21.4129	0.40754
1221	22.9464	0.339135
1222	21.3621	0.398173
1223	24.507	0.169508
1224	21.3223	0.406775
1225	23.1313	0.227129
1226	21.0438	0.197354
1227	19.1366	0.49591
1228	15.9821	0.385829
1229	22.2887	0.247017
1230	24.1148	0.19081
1231	21.6068	0.397535
1232	25.2405	0.229525
1233	31.5401	0.166736
1234	23.2101	0.140676
1235	25.9629	0.228649
1236	22.1593	0.376331
1237	19.2361	0.278128
1238	24.0242	0.240186
1239	19.191	0.41284
1240	17.3834	0.458076
1241	21.8875	0.388557
1242	19.8134	0.370626
1243	16.141	0.362319
1244	19.774	0.253501
1245	23.903	0.312805
1246	23.1499	0.292139
1247	21.2908	0.41316
1248	21.5929	0.213761
1249	21.2087	0.315584
1250	24.4285	0.337124
1251	16.1161	0.258669
1252	20.019	0.293897
1253	19.6028	0.42894
1254	19.9887	0.245147
1255	24.5465	0.266322
1256	20.4059	0.540222
1257	17.5723	0.488743
1258	28.1775	0.235937
1259	21.7283	0.309946
1260	25.0512	0.222577
1261	21.5564	0.34107
1262	24.2647	0.277036
1263	25.4875	0.269697
1264	21.8603	0.28228
1265	19.0311	0.49503
1266	21.0968	0.228833
1267	23.2537	0.359892
1268	19.6508	0.293858
1269	22.9891	0.163115
1270	27.006	0.342445
1271	21.4986	0.369022
1272	21.5443	0.299227
1273	22.6303	0.469971
1274	16.1813	0.512825
1275	22.26	0.297078
1276	21.5332	0.29239
1277	23.1828	0.288109
1278	22.5625	0.237868
1279	22.6391	0.469635
1280	24.7599	0.227185
1281	23.6853	0.33836
1282	25.6923	0.296391
1283	18.6428	0.336898
1284	24.0536	0.317694
1285	24.2402	0.2641
1286	23.9273	0.301235
1287	23.1029	0.348084
1288	26.1152	0.213876
1289	23.976	0.372817
1290	22.3591	0.170291
1291	16.6786	0.251342
1292	22.5911	0.299421
1293	17.6818	0.509106
1294	21.3124	0.488141
1295	19.0899	0.229448
1296	24.4369	0.218093
1297	24.0513	0.469505
1298	22.5123	0.259812
1299	23.4188	0.174704
1300	27.4448	0.297131
1301	18.7436	0.383381
1302	20.8604	0.229118
1303	25.5372	0.288613
1304	21.1239	0.321219
1305	24.3821	0.164216
1306	23.6142	0.336722
1307	19.6245	0.249531
1308	19.3293	0.401042
1309	21.477	0.325769
1310	23.1647	0.363563
1311	26.3764	0.307507
1312	24.3849	0.34508
1313	28.0395	0.339535
1314	26.4659	0.207502
1315	19.787	0.381728
1316	21.0182	0.497189
1317	28.0147	0.423273
1318	24.4204	0.365073
1319	21.3652	0.375829
1320	20.6918	0.348186
1321	21.3074	0.285973
1322	18.6881	0.31731
1323	20.5824	0.306822
1324	20.5062	0.307364
1325	25.1748	0.236877
1326	20.5483	0.317293
1327	22.6073	0.330921
1328	30.5626	0.239171
1329	20.945	0.364538
1330	23.2048	0.313048
1331	25.6642	0.224657
1332	19.3591	0.231373
1333	19.149	0.357526
1334	26.0006	0.205902
1335	20.1948	0.360114
1336	21.9857	0.298017
1337	24.0967	0.369025
1338	24.3985	0.301236
1339	18.1826	0.329563
1340	18.743	0.329792
1341	22.1303	0.450708
1342	19.7813	0.389033
1343	17.5344	0.222704
1344	25.4546	0.324328
1345	20.8111	0.240451
1346	18.3566	0.220656
1347	23.5068	0.217995
1348	24.1978	0.294349
1349	21.2229	0.426386
1350	23.5823	0.393869
1351	26.192	0.353736
1352	15.8744	0.270901
1353	20.6417	0.411319
1354	21.0497	0.23804
1355	19.9891	0.275307
1356	26.2968	0.243546
1357	21.874	0.334577
1358	20.3123	0.301406
1359	21.5938	0.385336
1360	23.1425	0.222865
1361	22.3383	0.257969
1362	20.8923	0.330385
1363	30.3642	0.279997
1364	23.4602	0.199231
1365	23.9771	0.369942
1366	23.0371	0.441041
1367	20.977	0.309663
1368	24.8197	0.27606
1369	23.2549	0.213336
1370	22.356	0.298083
1371	22.1509	0.311123
1372	17.5084	0.31355
1373	25.1952	0.214602
1374	19.8535	0.231808
1375	21.6503	0.43628
1376	26.3194	0.23194
1377	22.6467	0.346706
1378	17.9277	0.433545
1379	20.5482	0.371733
1380	20.6419	0.372603
1381	22.5767	0.318572
1382	25.1315	0.426464
1383	22.6308	0.392156
1384	21.981	0.3581
1385	23.171	0.243424
1386	24.175	0.287686
1387	21.4395	0.377058
1388	20.5684	0.321104
1389	26.4576	0.340591
1390	27.1321	0.356549
1391	21.6089	0.356095
1392	25.9714	0.277424
1393	16.3092	0.218312
1394	16.6912	0.23302
1395	17.7922	0.394346
1396	25.7942	0.298631
1397	20.9491	0.318222
1398	28.3708	0.187241
1399	20.8188	0.397344
1400	21.1884	0.269244
1401	23.9506	0.361487
1402	19.7973	0.356171
1403	22.9393	0.278216
1404	22.7869	0.207407
1405	22.0148	0.349626
1406	17.1001	0.32813
1407	22.3975	0.181633
1408	18.7414	0.316154
1409	24.7698	0.27699
1410	24.6231	0.310831
1411	22.0465	0.372323
1412	23.0559	0.363762
1413	26.082	0.265903
1414	23.0959	0.320342
1415	21.9143	0.293373
1416	21.2264	0.433593
1417	24.3365	0.432297
1418	25.7873	0.151204
1419	29.4411	0.187466
1420	22.1719	0.291153
1421	22.3566	0.455421
1422	21.0961	0.345145
1423	22.9948	0.256874
1424	21.5549	0.363089
1425	22.2634	0.310068
1426	17.3873	0.30966
1427	26.6299	0.26246
1428	21.8737	0.425203
1429	16.8909	0.221272
1430	22.2772	0.375391
1431	22.3705	0.153708
1432	18.7435	0.338483
1433	23.9554	0.27509
1434	19.8593	0.479865
1435	19.9958	0.337034
1436	19.2226	0.572323
1437	21.5363	0.283683
1438	24.0915	0.357514
1439	21.7836	0.408155
1440	25.6327	0.246879
1441	22.8803	0.460163
1442	26.6356	0.205366
1443	22.9907	0.254385
1444	23.7832	0.244204
1445	18.1414	0.261612
1446	25.1564	0.439909
1447	20.1312	0.356167
1448	23.1228	0.235973
1449	21.6556	0.348794
1450	22.3638	0.31709
1451	17.9706	0.393258
1452	23.6384	0.358635
1453	22.9776	0.343718
1454	24.1408	0.230802
1455	22.1011	0.380477
1456	20.1525	0.388819
1457	20.9552	0.391124
1458	19.1516	0.315424
1459	18.1215	0.250617
1460	26.7739	0.350162
1461	21.5506	0.22863
1462	20.0194	0.291995
1463	21.2303	0.504902
1464	22.9471	0.543752
1465	22.8692	0.322193
1466	21.6201	0.293845
1467	24.183	0.24865
1468	16.8782	0.334235
1469	20.6679	0.292953
1470	14.9792	0.346339
1471	18.5268	0.211813
1472	21.6438	0.422574
1473	23.8502	0.367959
1474	23.4112	0.195511
1475	26.3224	0.389353
1476	22.2024	0.207096
1477	26.8907	0.326811
1478	23.2066	0.180748
1479	24.5312	0.368508
1480	25.044	0.368669
1481	22.2587	0.323665
1482	19.4021	0.370319
1483	20.7079	0.368721
1484	25.8327	0.315617
1485	25.7565	0.29669
1486	23.135	0.403517
1487	23.3466	0.20156
1488	25.3205	0.350008
1489	25.1453	0.275988
1490	27.0879	0.243802
1491	26.012	0.238959
1492	24.5239	0.221753
1493	24.516	0.351673
1494	26.9356	0.217902
1495	28.018	0.228276
1496	26.4062	0.356721
1497	27.7061	0.228894
1498	24.7849	0.378743
1499	27.8081	0.367899
1500	25.0521	0.177537
1501	25.371	0.364847
1502	23.272	0.381622
1503	23.0222	0.408434
1504	24.9851	0.309097
1505	22.6139	0.504764
1506	27.4573	0.2702
1507	25.6323	0.478324
1508	28.3719	0.120107
1509	25.3059	0.23166
1510	27.861	0.270743
1511	28.6116	0.288252
1512	24.3409	0.273565
1513	24.9015	0.361981
1514	26.7165	0.25532
1515	26.2437	0.221887
1516	30.162	0.274599
1517	27.9491	0.356591
1518	25.1906	0.242707
1519	23.497	0.259291
1520	25.829	0.277198
1521	26.6803	0.215518
1522	28.2055	0.254245
1523	29.2245	0.274698
1524	30.3754	0.306974
1525	27.3829	0.33151
1526	25.6734	0.170753
1527	27.2035	0.238523
1528	26.3088	0.295788
1529	27.693	0.216166
1530	24.0309	0.326725
1531	24.9158	0.259479
1532	27.5776	0.39741
1533	27.6879	0.220967
1534	25.4728	0.294593
1535	26.2091	0.269816
1536	24.984	0.328581
1537	25.4038	0.325011
1538	24.0676	0.358676
1539	25.6935	0.201965
1540	28.8498	0.40784
1541	29.0909	0.194676
1542	26.823	0.232994
1543	29.2864	0.248979
1544	29.224	0.221484
1545	30.7278	0.137913
1546	25.6687	0.42803
1547	26.2654	0.417885
1548	26.0546	0.360043
1549	28.7318	0.258591
1550	26.1841	0.293927
1551	26.9492	0.247592
1552	25.3243	0.304803
1553	28.7594	0.269348
1554	28.6601	0.261768
1555	26.1199	0.329301
1556	27.2908	0.305651
1557	24.1492	0.33622
1558	26.6943	0.235267
1559	24.5226	0.275094
1560	27.5742	0.127185
1561	21.6367	0.375687
1562	21.9894	0.44615
1563	22.6281	0.321753
1564	24.5673	0.368828
1565	23.9678	0.280081
1566	24.5664	0.153824
1567	22.1525	0.474192
1568	25.1889	0.222231
1569	24.0038	0.314071
1570	26.1636	0.24514
1571	21.8953	0.360178
1572	23.4617	0.510161
1573	26.9731	0.365584
1574	21.1587	0.243696
1575	23.6898	0.300046
1576	23.2351	0.373184
1577	26.5509	0.301919
1578	22.2102	0.27096
1579	23.0646	0.224907
1580	26.8066	0.27303
1581	23.5264	0.230355
1582	25.9151	0.352337
1583	23.9245	0.351191
1584	24.2465	0.396655
1585	20.5539	0.395032
1586	22.6003	0.368703
1587	27.3145	0.234827
1588	24.1744	0.263709
1589	24.6683	0.344979
1590	22.2536	0.351209
1591	26.1955	0.156629
1592	20.3303	0.237853
1593	26.5132	0.249688
1594	22.4616	0.293816
1595	19.6385	0.314404
1596	20.2767	0.336708
1597	24.0838	0.300558
1598	19.8093	0.339795
1599	18.5111	0.282728
1600	23.0484	0.64357
1601	23.4162	0.328351
1602	18.0496	0.391159
1603	21.4486	0.334238
1604	19.7521	0.37721
1605	22.5262	0.299561
1606	23.9984	0.193356
1607	20.301	0.358663
1608	22.1965	0.419616
1609	15.7719	0.466505
1610	21.7809	0.273284
1611	21.9555	0.385267
1612	20.508	0.361969
1613	19.0937	0.317209
1614	18.9516	0.369644
1615	23.2473	0.174228
1616	20.9338	0.258725
1617	21.1032	0.309371
1618	18.4934	0.36153
1619	20.1684	0.369205
1620	19.2463	0.426807
1621	20.3358	0.319886
1622	19.3733	0.224899
1623	19.7922	0.222751
1624	18.9877	0.424447
1625	18.1069	0.241263
1626	19.6786	0.246652
1627	17.0201	0.434418
1628	17.322	0.408239
1629	16.9467	0.322631
1630	14.2856	0.526392
1631	20.1287	0.320405
1632	18.3181	0.418259
1633	19.1344	0.484018
1634	21.233	0.282683
1635	23.1759	0.25582
1636	20.5433	0.343925
1637	18.6722	0.368781
1638	19.8908	0.503215
1639	18.2937	0.198821
1640	17.379	0.392916
1641	16.949	0.490909
1642	19.6256	0.271479
1643	23.0673	0.230029
1644	24.3106	0.24381
1645	21.4744	0.34945
1646	25.276	0.354549
1647	21.1905	0.327177
1648	25.3653	0.313094
1649	22.8491	0.164786
1650	25.2524	0.235055
1651	25.5965	0.153271
1652	21.5268	0.308238
1653	24.7242	0.519908
1654	22.8646	0.443269
1655	22.8838	0.523983
1656	22.8011	0.380741
1657	18.2451	0.532932
1658	19.52	0.277579
1659	20.2285	0.362641
1660	20.2345	0.332276
1661	19.9077	0.211927
1662	18.895	0.40617
1663	21.5748	0.306993
1664	19.5695	0.324591
1665	19.6838	0.327058
1666	22.4519	0.283216
1667	21.2426	0.280521
1668	19.2858	0.32093
1669	22.0132	0.39975
1670	19.4414	0.277898
1671	22.3129	0.290391
1672	19.6458	0.350302
1673	23.0657	0.426452
1674	23.1714	0.285175
1675	21.9932	0.323432
1676	22.1464	0.31586
1677	21.134	0.316939
1678	22.5619	0.428182
1679	25.9664	0.372088
1680	26.6698	0.433759
1681	23.4438	0.170276
1682	21.4584	0.288474
1683	26.1291	0.323877
1684	20.4659	0.323334
1685	22.6731	0.411831
1686	23.8958	0.25243
1687	21.6739	0.297788
1688	25.5677	0.43867
1689	19.9569	0.397966
1690	18.9732	0.35372
1691	20.3229	0.287112
1692	22.7406	0.315314
1693	19.6097	0.415623
1694	22.9873	0.333303
1695	25.7418	0.256653
1696	24.6414	0.346738
1697	26.3245	0.325612
1698	25.7065	0.176592
1699	25.8793	0.217884
1700	26.3776	0.346038
1701	26.9396	0.294771
1702	27.5199	0.329229
1703	28.9613	0.301365
1704	29.941	0.334951
1705	26.7648	0.127679
1706	27.7324	0.216669
1707	27.1958	0.315169
1708	27.6446	0.322424
1709	25.0226	0.240401
1710	28.5818	0.222781
1711	31.8359	0.184976
1712	27.8313	0.322792
1713	28.5962	0.231191
1714	27.7061	0.241731
1715	27.1274	0.330421
1716	29.4701	0.252943
1717	28.9532	0.231528
1718	26.9905	0.326297
1719	30.2842	0.208234
1720	28.8546	0.343207
1721	31.7278	0.375557
1722	29.3007	0.275849
1723	27.8314	0.269799
1724	25.2282	0.134042
1725	28.4559	0.222552
1726	25.1179	0.227601
1727	27.8951	0.255495
1728	23.7865	0.350402
1729	26.3038	0.342381
1730	24.3718	0.259033
1731	28.4159	0.464789
1732	26.5591	0.418126
1733	28.4755	0.214309
1734	30.509	0.209053
1735	29.0459	0.377778
1736	29.6599	0.326049
1737	27.3485	0.281535
1738	30.0342	0.189561
1739	30.4894	0.288926
1740	30.1989	0.348212
1741	28.0515	0.172308
1742	26.5741	0.307493
1743	25.893	0.288883
1744	27.3971	0.293749
1745	30.2133	0.353918
1746	28.6944	0.284656
1747	31.0535	0.262963
1748	28.8844	0.274325
1749	31.0591	0.23534
1750	33.5391	0.284124
1751	31.4971	0.250612
1752	29.1651	0.283788
1753	27.9586	0.358938
1754	29.5458	0.266929
1755	27.6143	0.301603
1756	30.6947	0.142193
1757	29.0745	0.245149
1758	32.7764	0.247941
1759	31.6781	0.241876
1760	32.1161	0.281653
1761	29.8189	0.273754
1762	30.2564	0.268382
1763	28.6963	0.227222
1764	30.5109	0.24478
1765	31.4999	0.141467
1766	32.3502	0.406576
1767	30.7502	0.327476
1768	31.9907	0.302747
1769	31.393	0.204535
1770	34.7911	0.190149
1771	29.3149	0.134254
1772	31.8016	0.478718
1773	31.071	0.281568
1774	29.3182	0.202623
1775	30.774	0.112
1776	30.1583	0.294083
1777	34.6605	0.221742
1778	33.9548	0.248355
1779	31.2251	0.269811
1780	31.617	0.321965
1781	30.1633	0.135469
1782	31.2301	0.306133
1783	31.765	0.231318
1784	35.7825	0.364106
1785	35.0018	0.131996
1786	30.1717	0.252151
1787	32.9563	0.298612
1788	33.8706	0.193253
1789	33.9977	0.299949
1790	33.0805	0.168483
1791	30.7039	0.295528
1792	33.6222	0.203066
1793	31.2429	0.31314
1794	33.8637	0.416098
1795	34.5644	0.117775
1796	33.0439	0.251539
1797	32.0011	0.276562
1798	31.6274	0.217413
1799	33.2648	0.2006
1800	33.4868	0.203782
1801	30.7106	0.262772
1802	33.5773	0.152249
1803	31.4379	0.290749
1804	34.5663	0.209628
1805	33.1813	0.245649
1806	32.3924	0.348636
1807	31.9368	0.182242
1808	33.194	0.116192
1809	33.7532	0.150569
1810	32.7896	0.276715
1811	34.0726	0.297995
1812	33.8628	0.176757
1813	33.1665	0.25637
1814	35.1015	0.197704
1815	34.8872	0.229507
1816	34.3517	0.18906
1817	32.7082	0.236058
1818	34.9575	0.17292
1819	33.2103	0.358411
1820	34.5747	0.173063
1821	34.6077	0.114298
1822	33.7861	0.257689
1823	32.2569	0.358103
1824	37.0121	0.241496
1825	37.6508	0.131723
1826	34.8116	0.262736
1827	36.4516	0.312076
1828	33.9307	0.193626
1829	38.5067	0.152668
1830	37.8073	0.170346
1831	33.6211	0.248786
1832	39.3165	0.188698
1833	35.3026	0.144157
1834	36.5104	0.141728
1835	38.4752	0.266828
1836	39.4121	0.281394
1837	39.6364	0.210232
1838	34.6392	0.173525
1839	38.8677	0.275556
1840	36.5657	0.382831
1841	36.028	0.177749
1842	34.0389	0.0963741
1843	34.574	0.243829
1844	37.6992	0.20595
1845	38.5062	0.261056
1846	38.0273	0.208778
1847	36.1804	0.183707
1848	37.4945	0.306822
1849	36.4529	0.329925
1850	35.4414	0.239539
1851	32.4826	0.296008
1852	38.1388	0.131612
1853	36.4806	0.246704
1854	36.5817	0.308328
1855	35.2407	0.185957
1856	35.6126	0.1725
1857	36.8227	0.166183
1858	36.5726	0.226407
1859	32.9179	0.34911
1860	38.164	0.142307
1861	39.2854	0.155011
1862	40.5602	0.175438
1863	39.6645	0.242017
1864	37.7963	0.247899
1866	41.5965	0.199763
1867	39.2736	0.248547
1868	38.5516	0.159896
1869	37.2769	0.373447
1870	39.8612	0.212038
1871	38.3566	0.213883
1872	38.5668	0.200003
1873	37.3367	0.182261
1874	38.4398	0.352077
1875	40.9899	0.250546
1876	39.0221	0.229003
1877	39.0797	0.213754
1878	40.4234	0.190855
1879	37.7829	0.139528
1880	38.493	0.246694
1881	39.4478	0.172617
1882	39.0167	0.255182
1883	38.6331	0.252806
1884	36.192	0.181667
1886	41.2064	0.382245
1887	36.0592	0.220213
1888	38.7828	0.259159
1889	35.8557	0.14565
1890	35.989	0.246056
1891	37.9971	0.286797
1892	38.3622	0.159571
1893	39.4657	0.195311
1894	37.3456	0.1808
1895	37.6233	0.216657
1896	38.624	0.18092
1897	37.0251	0.0984484
1898	40.8501	0.203529
1899	39.5643	0.230848
1900	38.097	0.17763
1901	39.3664	0.22654
1902	41.2261	0.111603
1903	39.1162	0.10949
1904	40.1011	0.101385
1905	37.8136	0.154769
1906	39.4299	0.245039
1907	37.8676	0.312105
1908	37.3677	0.0863642
1909	40.2623	0.344628
1910	40.193	0.169521
1911	39.0278	0.275079
1912	41.6368	0.348357
1913	39.9203	0.19387
1914	39.6655	0.320987
1915	41.4416	0.223022
1916	40.9505	0.243597
1918	38.4276	0.24662
1919	39.7971	0.292507
1921	38.0064	0.237331
1922	41.3269	0.183958
1923	41.7131	0.202466
1924	40.0051	0.158262
1925	40.1453	0.323606
1926	40.5547	0.218398
1927	38.0352	0.300176
1928	36.5036	0.250475
1929	35.4868	0.24506
1930	35.4024	0.246759
1931	39.6273	0.257584
1932	38.2626	0.257518
1933	36.2987	0.199754
1934	37.1709	0.23477
1935	38.4633	0.114738
1936	39.0584	0.155377
1937	37.5901	0.186774
1938	39.6963	0.191724
1939	40.6624	0.257539
1940	41.1403	0.210528
1941	37.4459	0.255325
1942	41.1102	0.239573
1943	39.6097	0.27393
1944	40.0063	0.171058
1945	36.4952	0.222741
1946	37.0268	0.24159
1947	36.182	0.288303
1948	39.7081	0.193966
1949	38.2104	0.232772
1950	38.5117	0.134854
1951	35.5002	0.149331
1952	36.3657	0.32982
1953	36.3302	0.293166
1954	39.6928	0.15844
1955	40.3605	0.328741
1956	39.5692	0.320276
1957	37.9766	0.163051
1958	35.7648	0.147222
1959	37.7238	0.125327
1960	36.2763	0.366361
1961	39.4384	0.307294
1962	37.8195	0.236399
1963	41.3268	0.168808
1964	39.2127	0.148115
1965	41.5392	0.17665
1966	35.4013	0.14925
1967	38.6466	0.396104
1968	38.0242	0.17634
1969	38.556	0.220252
1970	36.656	0.212674
1971	39.9842	0.13629
1972	39.9368	0.19666
1973	36.4362	0.286948
1974	40.3637	0.171761
1975	40.1235	0.352393
1976	35.2724	0.214949
1977	36.3025	0.167277
1978	39.3675	0.162942
1979	37.4836	0.166732
1980	35.2093	0.278608
1981	36.9369	0.165711
1982	31.9816	0.144777
1983	34.6055	0.247721
1984	38.0969	0.460404
1985	39.8344	0.240164
1986	37.9058	0.345778
1987	35.7194	0.267034
1988	37.2761	0.174685
1989	38.81	0.141541
1990	36.1954	0.199075
1991	36.1413	0.165555
1992	37.0872	0.190529
1993	39.604	0.224302
1994	39.6422	0.187365
1995	36.6822	0.136234
1996	36.2248	0.261386
1997	34.7803	0.191469
1998	34.6604	0.210877
1999	37.2871	0.177559
2000	36.9136	0.17288
2001	38.1713	0.217858
2002	39.521	0.184042
2003	34.5655	0.269097
2004	34.7934	0.204639
2005	40.7819	0.0984609
2006	42.4134	0.231661
2007	41.8896	0.199964
2008	37.3468	0.262939
2009	35.5134	0.377182
2010	32.8438	0.164916
2011	38.0993	0.164747
2012	38.2542	0.133743
2013	37.575	0.1308
2014	37.9807	0.197435
2015	35.5337	0.2874
2016	38.1811	0.274011
2017	43.7799	0.178414
2018	42.1296	0.163881
2019	40.211	0.292873
2020	37.8367	0.313556
2021	40.2854	0.221233
2022	39.5727	0.311517
2023	37.7233	0.301279
2024	39.8903	0.285207
2025	41.0754	0.192253
2026	42.751	0.154817
2027	39.4002	0.233678
2028	39.6577	0.21019
2029	36.57	0.252919
2030	41.0608	0.118882
2031	40.6653	0.402921
2032	40.416	0.201782
2033	39.3532	0.199123
2034	40.7419	0.35512
2035	43.3424	0.189691
2036	44.064	0.101443
2037	44.2386	0.204622
2038	39.2595	0.359159
2039	42.2978	0.245343
2040	40.9519	0.158815
2041	38.3678	0.186422
2042	36.5045	0.214479
2043	41.6707	0.257232
2044	36.5799	0.315643
2045	38.692	0.170916
2046	39.159	0.277875
2047	35.8648	0.265949
2048	40.3597	0.102209
2049	38.323	0.123174
2050	38.2315	0.259677
2051	36.3011	0.278324
2052	38.8654	0.219996
2053	38.847	0.261626
2054	37.737	0.0984186
2055	35.4468	0.169273
2056	37.1308	0.258923
2057	36.4369	0.232588
2058	35.545	0.233889
2059	37.3681	0.424029
2060	35.7551	0.219119
2061	40.1724	0.121908
2062	40.4947	0.324896
2063	36.3509	0.271033
2064	35.2362	0.144645
2065	39.7204	0.304078
2066	37.405	0.141777
2067	34.9219	0.355781
2068	38.0405	0.245341
2069	38.0966	0.293789
2070	37.8699	0.229289
2071	36.4229	0.263277
2072	36.9057	0.182647
2073	38.6484	0.256889
2074	37.6526	0.175691
2075	37.0391	0.205856
2076	37.1769	0.166172
2077	35.9558	0.426986
2078	37.4213	0.191283
2079	36.3036	0.436238
2080	38.9114	0.41177
2081	34.7964	0.31488
2082	34.7501	0.188848
2083	37.2009	0.192265
2084	33.7554	0.25671
2085	36.9827	0.174358
2086	34.5786	0.243371
2087	35.9841	0.214334
2088	37.5487	0.263978
2089	40.1497	0.189917
2090	34.5893	0.338994
2091	36.3824	0.128615
2092	37.8012	0.130197
2093	39.2824	0.225569
2094	39.6342	0.214485
2095	39.084	0.255584
2096	38.944	0.171743
2098	38.083	0.288046
2099	36.2329	0.222644
2100	37.4752	0.228756
2101	38.7282	0.190131
2102	37.3586	0.198147
2103	34.2959	0.244702
2104	38.5268	0.249509
2105	40.3139	0.220443
2106	37.7395	0.0977056
2107	37.9791	0.13573
2108	37.8442	0.23075
2109	36.8171	0.221542
2110	39.9163	0.10861
2111	37.2264	0.22115
2112	33.5373	0.211532
2113	34.3437	0.144636
2114	37.4718	0.131753
2115	35.257	0.171046
2116	37.1881	0.198377
2117	36.745	0.247486
2118	33.1171	0.20096
2119	36.9989	0.352279
2120	34.0804	0.242805
2121	37.9425	0.183063
2122	37.1184	0.206616
2123	33.3898	0.20752
2124	32.3553	0.22356
