# 16:11 - 17:16 -> 65 min
# Number	beat-frequency [MHz]	sigma [MHz]
0	9.81351	0.248929
1	7.818	0.402529
2	7.05574	0.27334
3	7.51721	0.316069
4	13.7645	0.251039
5	11.3045	0.387219
6	10.2357	0.330541
7	14.5991	0.323935
8	10.7176	0.252195
9	10.8694	0.45571
10	4.72195	0.412397
11	9.11672	0.259151
12	6.75721	0.354711
13	9.40396	0.227183
14	11.7842	0.304694
15	13.2606	0.203826
16	2.91224	0.299802
17	11.5961	0.266313
18	9.14583	0.353254
19	12.8775	0.172543
20	12.46	0.26919
21	12.5229	0.256738
22	11.942	0.297083
23	6.16022	0.407342
24	10.986	0.426384
25	11.345	0.395438
26	10.437	0.297715
27	11.0663	0.217974
28	9.3073	0.318501
29	16.5254	0.20064
30	12.1126	0.250994
31	15.6063	0.231821
32	13.0079	0.291854
33	12.3101	0.224042
34	12.4935	0.340465
35	13.1835	0.180467
36	18.8134	0.165838
37	20.2085	0.300136
38	13.5512	0.203119
39	12.5357	0.218314
40	16.3871	0.316474
41	14.7584	0.353063
42	17.4852	0.108508
43	16.2011	0.314948
44	16.1984	0.352508
45	16.2321	0.20961
46	15.6798	0.170713
47	22.9917	0.134779
48	15.4938	0.146122
49	10.0672	0.325365
50	12.0483	0.222927
51	9.09926	0.315951
52	7.87521	0.27708
53	13.9904	0.366479
54	11.6569	0.1879
55	6.73271	0.352649
56	14.1945	0.157832
57	8.36902	0.301727
58	3.84413	0.377587
59	12.3777	0.301696
60	11.5062	0.427146
61	10.1336	0.207255
62	12.9082	0.276242
63	14.2591	0.129324
64	8.06417	0.302635
65	9.51986	0.398032
66	8.57141	0.203897
67	11.3027	0.251529
68	13.1954	0.229729
69	10.9861	0.376504
70	10.5914	0.320982
71	2.23691	0.296566
72	10.6085	0.194003
73	10.5888	0.23428
74	10.3338	0.290498
75	11.9414	0.262164
76	10.3056	0.275721
77	5.43552	0.613345
78	12.1044	0.21651
79	6.58409	0.314617
80	5.93696	0.357709
81	8.08946	0.290591
82	10.6633	0.35843
83	10.8276	0.211763
84	7.25766	0.210386
85	11.1845	0.315047
86	13.3084	0.180667
87	17.4734	0.163774
88	17.0293	0.218299
89	12.5699	0.258589
90	10.1233	0.245389
91	7.55881	0.275368
92	8.871	0.424006
93	12.364	0.3789
94	10.0808	0.28596
95	11.9312	0.291041
96	14.8634	0.233739
97	8.54039	0.238002
98	14.1455	0.201083
99	6.14942	0.276171
100	9.40861	0.250323
101	10.8254	0.25777
102	7.44581	0.423712
103	8.89848	0.251412
104	10.6238	0.261953
105	10.4805	0.368517
106	8.99107	0.42918
107	14.5189	0.409203
108	12.9018	0.208334
109	17.3887	0.171519
110	13.9822	0.224026
111	6.11628	0.386485
112	11.8979	0.370658
113	12.7639	0.261887
114	14.6027	0.364213
115	12.3088	0.228474
116	8.27268	0.269771
117	9.34266	0.319033
118	7.78387	0.244541
119	13.1707	0.421337
120	11.5741	0.220077
121	16.527	0.261554
122	8.97778	0.274578
123	12.4874	0.305258
124	9.68003	0.364743
125	15.7027	0.251708
126	8.8422	0.552604
127	7.4532	0.33854
128	8.2693	0.264327
129	15.3056	0.179286
130	3.68368	0.27078
131	8.69468	0.322212
132	13.2301	0.316622
133	8.6615	0.331074
134	12.1464	0.204505
135	6.91665	0.191114
136	8.44744	0.275455
137	7.79271	0.263891
138	12.753	0.274376
139	9.8124	0.239303
140	6.50327	0.387938
141	7.83359	0.318538
142	6.2266	0.502405
143	11.6277	0.181819
144	9.88498	0.524192
145	12.5854	0.376002
146	18.8495	0.220049
147	13.7362	0.28902
148	14.4931	0.160797
149	15.2069	0.206684
150	14.1226	0.315434
151	4.20651	0.564105
152	9.94485	0.287119
153	11.8655	0.239514
154	14.814	0.410843
155	14.1765	0.180128
156	10.7702	0.24298
157	14.3338	0.242117
158	9.93219	0.320927
159	11.1678	0.244621
160	10.0672	0.246427
161	9.73672	0.512683
162	12.8834	0.289109
163	11.0032	0.217534
164	9.75556	0.270168
165	8.76395	0.199207
166	4.70599	0.362025
167	8.61074	0.307239
168	7.32106	0.392607
169	10.7999	0.244412
170	11.6913	0.222909
171	15.3847	0.229351
172	11.1029	0.179726
173	11.4215	0.187882
174	13.7213	0.231406
175	6.58044	0.435442
176	9.76869	0.297029
177	14.7464	0.34954
178	13.0663	0.262897
179	8.28557	0.427688
180	8.24454	0.284829
181	14.2275	0.481783
182	10.1735	0.334143
183	2.27606	0.369036
184	1.62001	0.274973
185	10.3747	0.276242
186	8.72876	0.297038
187	14.2186	0.424548
188	11.7684	0.27907
189	8.76963	0.408876
190	15.9349	0.177493
191	10.9452	0.221042
192	9.67934	0.293997
193	11.9745	0.437321
194	15.6325	0.233675
195	10.712	0.263274
196	13.8543	0.297625
197	9.77001	0.254901
198	14.9165	0.254003
199	5.11818	0.34202
200	9.13921	0.314975
201	10.5477	0.352647
202	9.25544	0.280468
203	10.2523	0.371997
204	6.52591	0.253949
205	13.6134	0.22702
206	13.1368	0.255059
207	13.0441	0.312833
208	7.40051	0.241527
209	1.99391	0.250836
210	4.72894	0.335932
211	10.1573	0.283292
212	10.9082	0.196159
213	5.91643	0.435872
214	9.54469	0.332699
215	12.1929	0.290917
216	11.0389	0.327763
217	10.6747	0.413974
218	4.00001	0.381648
219	4.03005	0.242279
220	13.4819	0.316976
221	2.9623	0.386416
222	8.73942	0.469481
223	9.78943	0.260021
224	10.4457	0.269731
225	9.36599	0.291489
226	11.2979	0.245119
227	9.00639	0.283158
228	12.7946	0.30453
229	12.5281	0.448163
230	3.75143	0.44997
231	1.9776	0.300348
232	6.7809	0.296904
233	10.8194	0.341446
234	7.64573	0.346563
235	14.637	0.449698
236	10.2045	0.287621
237	9.31905	0.317062
238	11.0648	0.303161
239	10.4639	0.235817
240	12.4954	0.388685
241	17.438	0.419963
242	11.7977	0.446479
243	9.65854	0.425895
244	11.1801	0.311863
245	5.70365	0.28265
246	5.80041	0.35421
247	10.3351	0.375003
248	10.8342	0.282693
249	12.5583	0.190667
250	14.1834	0.31377
251	11.0919	0.273023
252	11.091	0.326074
253	6.29234	0.259141
254	10.9432	0.466386
255	9.62964	0.266436
256	11.6717	0.348603
257	12.881	0.353457
258	13.3788	0.285882
259	14.411	0.21859
260	15.6168	0.358823
261	16.8787	0.258747
262	13.9723	0.26708
263	8.21277	0.313235
264	8.30814	0.222644
265	9.26693	0.471792
266	12.8748	0.257694
267	13.3998	0.264635
268	8.694	0.287635
269	11.0218	0.200477
270	14.6677	0.269375
271	11.9945	0.325175
272	12.017	0.248724
273	12.7006	0.291666
274	8.10828	0.327905
275	12.7873	0.35367
276	11.5069	0.249166
277	5.29225	0.367746
278	10.005	0.383903
279	9.21175	0.320957
280	14.4922	0.14448
281	9.56947	0.172793
282	7.75744	0.273263
283	12.2187	0.242798
284	9.01852	0.288635
285	7.10632	0.274286
286	9.40895	0.226218
287	7.78361	0.38074
288	12.7792	0.18896
289	15.5775	0.160546
290	8.2085	0.352371
291	3.42013	0.436496
292	10.4945	0.233585
293	11.0539	0.319593
294	12.7968	0.280044
295	11.2557	0.30174
296	9.49371	0.191092
297	13.606	0.32226
298	16.5072	0.458062
299	11.0678	0.349634
300	13.0735	0.39875
301	11.4908	0.320748
302	10.6664	0.215073
303	11.5005	0.266464
304	12.3758	0.188811
305	12.0865	0.279863
306	8.85768	0.43832
307	11.9883	0.254996
308	12.0349	0.279097
309	11.1339	0.192709
310	11.4434	0.22239
311	11.6154	0.238499
312	13.5794	0.303842
313	10.7948	0.277288
314	13.5327	0.195073
315	12.5352	0.255135
316	9.97873	0.211286
317	9.13846	0.265396
318	10.3836	0.282318
319	11.5019	0.156104
320	6.29969	0.492842
321	12.0309	0.281889
322	12.2079	0.25266
323	14.8245	0.191112
324	7.88448	0.311662
325	13.9997	0.296471
326	10.4823	0.267644
327	5.68622	0.272424
328	7.61036	0.329889
329	8.78884	0.277807
330	15.0067	0.221209
331	14.4543	0.207663
332	11.3343	0.224531
333	6.77724	0.34952
334	12.555	0.274975
335	9.66651	0.221289
336	14.5696	0.213064
337	13.1855	0.26472
338	14.3107	0.225787
339	8.91522	0.270962
340	8.93424	0.300745
341	14.7306	0.203595
342	14.1398	0.244334
343	11.1109	0.195143
344	15.0795	0.124024
345	12.5236	0.424027
346	14.7933	0.286438
347	10.3571	0.369673
348	8.78815	0.242987
349	12.6525	0.162191
350	14.7425	0.201044
351	15.0131	0.297432
352	5.68287	0.331787
353	15.5159	0.179502
354	10.1883	0.234369
355	10.215	0.2234
356	4.88729	0.39321
357	12.4746	0.189993
358	10.7709	0.270579
359	14.3183	0.232487
360	13.9892	0.310029
361	10.5553	0.238408
362	11.9515	0.202798
363	18.2651	0.0655726
364	11.3321	0.378302
365	12.0192	0.231524
366	9.3609	0.263508
367	12.7997	0.235553
368	12.2888	0.264893
369	3.40496	0.377165
370	6.53725	0.323569
371	8.59559	0.374026
372	9.11872	0.326504
373	10.3512	0.236601
374	10.7937	0.213117
375	6.78997	0.37733
376	5.69519	0.39318
377	7.44495	0.240227
378	8.92775	0.361102
379	16.074	0.207973
380	15.8458	0.211464
381	9.80328	0.309397
382	9.91446	0.288345
383	12.9704	0.174633
384	11.6451	0.217545
385	15.4563	0.207135
386	10.3553	0.310233
387	7.01178	0.31139
388	2.12884	0.279746
389	6.67755	0.45608
390	6.73672	0.364859
391	5.47003	0.268554
392	13.7694	0.286723
393	11.1111	0.383182
394	12.0251	0.488149
395	14.8023	0.226992
396	8.26157	0.418121
397	8.12897	0.289162
398	7.13068	0.278382
399	13.4662	0.220696
400	11.3071	0.309415
401	1.41944	0.248199
402	2.62635	0.377729
403	5.14286	0.248877
404	3.62285	0.470379
405	9.09282	0.412724
406	6.13368	0.327565
407	13.0498	0.229024
408	4.19873	0.316658
409	11.816	0.397751
410	5.63485	0.258893
411	12.6744	0.486595
412	12.2074	0.24912
413	10.5224	0.398625
414	14.2181	0.5732
415	18.0786	0.15256
416	9.48077	0.291881
417	5.87061	0.316929
418	9.76063	0.618501
419	8.15779	0.345769
420	17.3447	0.156114
421	15.3012	0.23137
422	11.604	0.228375
423	12.5783	0.231387
424	13.2544	0.202127
425	9.2228	0.403317
426	12.2586	0.201899
428	6.46872	0.274701
429	10.1371	0.207594
430	14.1508	0.227017
431	12.1699	0.301622
432	12.5857	0.339227
433	14.1399	0.277036
434	15.1326	0.201815
435	16.1538	0.244782
436	16.7238	0.257954
437	10.7802	0.214144
438	15.278	0.368269
439	13.0426	0.462889
440	13.8697	0.243381
441	16.6931	0.445596
442	14.3668	0.149706
443	15.6419	0.170941
444	11.3949	0.242043
445	13.5302	0.299599
446	9.44552	0.329939
447	13.5733	0.347707
448	10.0506	0.347347
449	8.14276	0.336868
450	11.5249	0.232034
451	11.5413	0.287691
452	8.81745	0.459494
453	15.8478	0.183002
454	5.60701	0.346635
455	10.6326	0.494662
456	12.1622	0.260684
457	16.2493	0.274579
458	13.378	0.252537
459	11.5804	0.273906
460	13.3633	0.267458
461	12.8974	0.196156
462	19.6736	0.240797
463	10.7585	0.294236
464	9.46866	0.374804
465	12.0126	0.233054
466	12.8928	0.151761
467	7.88363	0.241877
468	8.85082	0.460056
469	14.4848	0.275903
470	11.206	0.308215
471	4.78643	0.454682
472	10.081	0.235102
473	10.2042	0.217853
474	8.00102	0.433556
475	13.9304	0.21616
476	16.4646	0.1995
477	14.5919	0.300926
478	16.5028	0.191317
479	11.2663	0.285379
480	18.6456	0.29221
481	10.6246	0.245708
482	14.2118	0.225496
483	13.9412	0.408611
484	11.6225	0.278596
485	14.4145	0.231676
486	10.1758	0.280464
487	14.0732	0.341796
488	10.5851	0.368633
489	16.1561	0.228304
490	9.9206	0.213131
491	11.3879	0.37794
492	9.99903	0.207564
493	7.44537	0.258853
494	10.0499	0.334594
495	10.661	0.251906
496	8.73548	0.242659
497	11.5262	0.280755
498	10.3152	0.366445
499	16.7937	0.343921
500	19.2653	0.186844
501	19.3542	0.157352
502	13.676	0.300006
503	7.55825	0.396719
504	9.76389	0.282199
505	14.5209	0.334912
506	11.1804	0.209984
507	13.1228	0.222461
508	16.9103	0.295328
509	11.7835	0.177586
510	9.12435	0.261736
511	17.4358	0.140908
512	12.5959	0.21128
513	13.385	0.205766
514	12.0535	0.25691
515	10.1446	0.250255
516	13.649	0.168383
517	11.4798	0.311527
518	14.8411	0.270114
519	10.178	0.164049
520	13.8038	0.297559
521	18.9559	0.167361
522	14.1095	0.415213
523	10.0546	0.212331
524	12.643	0.190668
525	16.755	0.147023
526	14.2745	0.304493
527	11.6512	0.282313
528	14.9401	0.165197
529	8.08547	0.250623
530	13.2556	0.285434
531	16.5854	0.19867
532	13.9494	0.304169
533	14.0448	0.257296
534	14.3155	0.308608
535	11.3233	0.215545
536	17.0856	0.201886
537	11.9668	0.353123
538	14.9873	0.210478
539	7.41603	0.203914
540	8.40479	0.376772
541	10.0455	0.331016
542	13.8507	0.366051
543	10.4271	0.133859
544	15.3986	0.263738
545	9.87739	0.238037
546	6.77657	0.485159
547	16.7174	0.229264
548	18.3479	0.181315
549	14.1061	0.168766
550	13.5023	0.222419
551	18.1044	0.236193
552	14.8472	0.202912
553	15.5869	0.178343
554	12.0334	0.372818
555	13.3555	0.198663
556	17.3189	0.185332
557	19.2285	0.189148
558	19.197	0.255712
559	12.7165	0.310085
560	14.73	0.264798
561	15.3658	0.202513
562	14.175	0.153562
563	14.2379	0.189298
564	10.8248	0.220426
565	16.5278	0.224756
566	18.1602	0.219714
567	15.3195	0.187481
568	15.5619	0.276072
569	12.6007	0.178237
570	13.8384	0.237566
571	15.1297	0.239806
572	16.4626	0.343054
573	11.7189	0.377371
574	14.4608	0.46625
575	12.8329	0.212056
576	9.8798	0.325757
577	15.7089	0.211362
578	3.56498	0.406627
579	15.9147	0.28405
580	13.3398	0.30913
581	14.1161	0.159366
582	14.3649	0.243656
583	19.7298	0.100955
584	17.3353	0.206277
585	11.7813	0.305198
586	15.0624	0.472699
587	16.5947	0.3087
588	15.0383	0.163026
589	13.3933	0.324415
590	14.8528	0.222777
591	17.8811	0.227038
592	18.0381	0.397732
593	12.681	0.269876
594	10.7264	0.299986
595	16.5961	0.239936
596	13.9439	0.21757
597	7.88322	0.472904
598	11.4928	0.210644
599	13.4781	0.208521
600	11.5807	0.18061
601	18.8188	0.189565
602	19.4865	0.110841
603	17.0223	0.244897
604	14.228	0.250663
605	15.3881	0.294454
606	7.93782	0.2741
607	14.2543	0.224488
608	11.9255	0.228457
609	24.1728	0.135797
610	18.4438	0.164814
611	18.5565	0.27667
612	18.0363	0.207858
613	12.6366	0.234029
614	10.8558	0.263302
615	14.5387	0.274921
616	12.8531	0.23881
617	13.7973	0.189498
618	11.0866	0.355549
619	15.0208	0.180314
620	17.0942	0.201159
621	11.3038	0.262172
622	16.0307	0.337973
623	14.4744	0.224003
624	17.573	0.271082
625	12.5932	0.290965
626	19.6677	0.146905
627	16.1516	0.20545
628	12.3351	0.219896
629	15.3014	0.372116
630	11.7418	0.170011
631	17.2959	0.344263
632	15.5449	0.219889
633	15.8937	0.0925274
634	21.9928	0.319403
635	12.6403	0.205172
636	16.672	0.35478
637	14.6811	0.261804
638	17.7675	0.544677
639	13.0695	0.321289
640	15.5293	0.23109
641	13.5016	0.322947
642	12.6718	0.232286
643	15.4928	0.217271
644	18.2077	0.266079
645	14.7709	0.322668
646	15.6116	0.227434
647	13.5353	0.300973
648	13.2438	0.234828
649	14.8933	0.306546
650	13.19	0.225681
651	17.4292	0.163033
652	16.7671	0.366831
653	15.0813	0.191799
654	15.314	0.232843
655	11.0786	0.267109
656	14.4587	0.234108
657	16.9813	0.286214
658	14.3691	0.426551
659	12.3424	0.133503
660	12.4942	0.414994
661	14.2284	0.281677
662	15.6287	0.253694
663	14.9383	0.208871
664	16.523	0.187574
665	16.2746	0.187989
666	11.8991	0.229712
667	17.5854	0.260097
668	16.204	0.27771
669	16.8698	0.226911
670	16.0028	0.220824
671	8.94229	0.301275
672	15.1579	0.232213
673	14.753	0.357859
674	14.7538	0.270105
675	14.149	0.168799
676	12.7172	0.20765
677	11.8817	0.207949
678	16.4967	0.337061
679	17.0112	0.397563
680	13.4056	0.174463
681	17.0902	0.250669
682	9.74943	0.307569
683	16.5728	0.219673
684	18.2556	0.210537
685	19.1028	0.248084
686	17.5056	0.293393
687	5.77897	0.377911
688	12.7488	0.196522
689	17.5823	0.284389
690	13.9919	0.318051
691	16.758	0.196249
692	16.2978	0.304507
693	9.37922	0.412304
694	15.0269	0.120903
695	11.28	0.249911
696	10.1973	0.209791
697	16.1088	0.314782
698	15.4116	0.423361
699	7.69606	0.298688
700	10.7967	0.271221
701	12.0401	0.210494
702	16.2504	0.230891
703	10.1932	0.246895
704	16.9901	0.205881
705	7.98014	0.316203
706	13.0144	0.245388
707	19.8407	0.156761
708	10.9525	0.27863
709	12.3702	0.266902
710	8.06989	0.397916
711	14.4147	0.32398
712	19.2132	0.225867
713	15.7233	0.203962
714	16.4746	0.298339
715	15.4155	0.208017
716	14.9124	0.441636
717	14.5621	0.226042
718	15.2135	0.279228
719	14.6648	0.292795
720	19.4346	0.144248
721	16.0124	0.391399
722	18.2422	0.180388
723	10.2402	0.31049
724	11.8751	0.279723
725	8.92479	0.246922
726	15.7433	0.318686
727	15.7017	0.258685
728	16.4587	0.268056
729	14.2921	0.515603
730	11.6323	0.247836
731	11.1345	0.287864
732	9.54692	0.310474
733	8.30369	0.29326
734	12.5865	0.249085
735	9.8427	0.243063
736	9.79729	0.258505
737	18.911	0.191403
738	6.86893	0.346928
739	6.56201	0.304765
740	13.4821	0.257885
741	9.08301	0.290988
742	13.269	0.225518
743	14.8704	0.252752
744	1.67531	0.330594
745	13.5566	0.235829
746	13.2207	0.22959
747	14.5459	0.34204
748	16.8421	0.218934
749	19.0397	0.163145
750	16.3924	0.40123
751	14.3349	0.402237
752	9.75454	0.302914
754	19.4219	0.20267
755	9.53269	0.3946
756	11.2833	0.209403
757	12.5736	0.264292
758	11.4173	0.274551
759	15.3703	0.232441
760	15.7577	0.246786
761	14.425	0.260507
762	17.7308	0.266427
763	16.5131	0.223598
764	8.20141	0.238071
765	14.1657	0.324283
766	12.8824	0.335749
767	12.8649	0.365284
768	17.4207	0.244195
769	16.3078	0.227615
770	11.3283	0.226459
771	10.6317	0.194303
772	11.285	0.373056
773	15.6413	0.216971
774	9.5308	0.42185
775	14.9161	0.38841
776	8.67635	0.267374
777	13.3359	0.39349
778	18.5058	0.266448
779	12.1767	0.257157
780	18.7039	0.22446
781	13.7123	0.223177
782	14.0213	0.328768
783	11.509	0.389181
784	18.8019	0.182845
785	11.0869	0.34142
786	13.5811	0.470957
787	7.80543	0.471875
788	13.3952	0.172206
789	14.7937	0.223955
790	16.1892	0.325474
791	16.4134	0.165382
792	19.4571	0.205611
793	15.7193	0.292382
794	11.5735	0.358751
795	17.9627	0.190599
796	17.8359	0.18685
797	11.2552	0.319459
798	20.8389	0.229648
799	14.8135	0.233971
800	18.845	0.292159
801	16.5905	0.229866
802	16.2956	0.294084
803	17.7586	0.187069
804	16.6611	0.237548
805	14.5297	0.348361
806	16.302	0.226239
807	8.5896	0.313614
808	17.9519	0.191537
809	14.9211	0.176599
810	20.5843	0.164366
811	18.0798	0.21073
812	19.3913	0.261396
813	12.7521	0.275578
814	16.6543	0.169191
815	14.3547	0.373977
816	13.7212	0.353014
817	6.56028	0.367731
818	10.1711	0.338797
819	15.6584	0.382803
820	12.4788	0.300328
821	5.3956	0.251703
822	11.2	0.359658
823	10.8496	0.271681
824	12.7974	0.320847
825	16.6095	0.299498
826	17.8166	0.233179
827	17.707	0.341869
828	13.5574	0.412821
829	15.6845	0.247278
830	13.5558	0.311853
831	16.9367	0.216288
832	16.7567	0.241174
833	16.8299	0.135458
834	12.1656	0.247538
835	13.9341	0.371524
836	17.0319	0.215122
837	14.9839	0.330943
838	11.8904	0.234644
839	16.2074	0.284457
840	17.1618	0.310244
841	18.8644	0.326137
842	18.8625	0.184229
843	13.6439	0.194979
844	18.4822	0.2673
845	17.7376	0.154094
846	12.2927	0.206834
847	12.9238	0.280017
848	13.9486	0.258395
849	18.8688	0.181686
850	17.3511	0.214382
851	15.356	0.268546
852	13.7923	0.366792
853	15.0248	0.304593
854	12.6096	0.278353
855	8.03279	0.297289
856	10.3729	0.338502
857	10.7307	0.331889
858	10.0818	0.246325
859	16.1249	0.420174
860	13.5097	0.263606
861	13.5953	0.182903
862	17.5332	0.296723
863	15.6522	0.285193
864	15.2101	0.253654
865	14.4253	0.216951
866	18.8693	0.215744
867	17.5057	0.226912
868	7.94063	0.252778
869	11.3491	0.226142
870	14.5104	0.213705
871	13.8175	0.233331
872	15.4329	0.295497
873	17.8588	0.220383
874	12.0675	0.423828
875	16.8102	0.214265
876	12.0779	0.384867
877	15.6886	0.161046
878	9.42473	0.417893
879	14.295	0.242348
880	13.5683	0.297503
881	11.2058	0.237925
882	13.1234	0.215186
883	12.4588	0.21977
884	13.1013	0.238432
885	11.2045	0.370188
886	13.6375	0.388993
887	16.6715	0.251233
888	13.8914	0.174761
889	16.252	0.322716
890	11.7558	0.203406
891	7.4387	0.362814
892	7.66551	0.337504
893	11.8283	0.20345
894	11.2246	0.195589
895	12.5878	0.228528
896	9.81745	0.309179
897	12.6479	0.428495
898	17.3883	0.569695
899	12.8813	0.176096
900	15.0164	0.30557
901	10.7849	0.561189
902	15.2666	0.237937
903	8.91631	0.294106
904	9.51497	0.304134
905	12.5068	0.306865
906	11.4908	0.307641
907	11.602	0.241582
908	13.3278	0.233178
909	13.0275	0.24221
910	12.3142	0.265681
911	16.8618	0.164746
912	8.32189	0.32398
913	15.2137	0.384506
914	11.7316	0.246055
915	7.98833	0.289821
916	4.07219	0.384725
917	3.28549	0.283196
918	3.56373	0.51318
919	7.40856	0.32719
920	1.60147	0.425171
922	10.3188	0.272549
923	6.20335	0.351503
924	5.46552	0.31913
925	9.51134	0.243609
926	7.70273	0.330609
927	7.57998	0.326001
928	6.38964	0.28869
929	4.8111	0.299396
930	10.7317	0.336195
931	9.10213	0.31525
932	8.47469	0.425252
933	15.8364	0.301916
934	11.9902	0.249818
935	12.3313	0.308043
936	13.1704	0.265886
937	14.106	0.183652
938	14.2659	0.25404
939	16.0317	0.392725
940	7.9063	0.532067
941	16.4795	0.202363
942	14.3295	0.180433
943	15.7705	0.265023
944	14.9201	0.193975
945	7.87386	0.17705
946	13.5623	0.296756
947	4.24937	0.42214
948	13.2702	0.27946
949	13.5963	0.153788
950	17.8494	0.187202
951	14.9962	0.224673
952	10.6934	0.307273
953	9.46536	0.324235
954	14.153	0.172988
955	11.3107	0.234666
956	10.9324	0.455534
957	15.2452	0.222805
958	11.1753	0.376821
959	10.712	0.301927
960	15.7026	0.194897
961	10.7501	0.21554
962	4.82851	0.330381
963	6.66965	0.268177
964	9.67385	0.46173
965	12.9288	0.315907
966	8.41028	0.204965
967	8.26402	0.381949
968	12.2486	0.204627
969	6.26637	0.326775
970	10.7176	0.244216
971	9.11504	0.392584
972	10.9971	0.26584
973	13.518	0.210836
974	13.7896	0.371395
975	13.7224	0.331862
976	16.7277	0.269505
977	16.2286	0.218344
978	17.293	0.243994
979	15.759	0.281433
980	13.4336	0.255883
981	10.0718	0.284275
982	18.8499	0.202103
983	10.9216	0.379262
984	12.2863	0.33367
985	12.8989	0.291314
986	12.2423	0.280778
987	11.014	0.249577
988	14.3039	0.170886
989	17.7521	0.495254
990	14.3273	0.266632
991	15.0652	0.171713
992	13.7026	0.229544
993	10.0821	0.238689
994	15.2835	0.226019
995	13.5524	0.256884
996	15.9694	0.156808
997	20.2144	0.181096
998	14.8398	0.324569
999	8.03054	0.357526
1000	16.4972	0.224759
1001	19.2669	0.250923
1002	14.4322	0.307597
1003	14.8151	0.311175
1004	19.8015	0.177234
1005	15.2292	0.276491
1006	13.3459	0.181165
1007	19.4906	0.247231
1008	17.9108	0.224656
1009	15.0441	0.215947
1010	14.1202	0.247055
1011	14.9739	0.460607
1012	16.4485	0.177183
1013	11.5553	0.211649
1014	15.0621	0.157733
1015	17.0041	0.284324
1016	14.6797	0.191057
1017	23.0825	0.235301
1018	21.364	0.17335
1019	18.8482	0.273756
1020	16.675	0.228962
1021	20.2446	0.165269
1022	16.054	0.269324
1023	11.1866	0.322495
1024	11.8001	0.187302
1025	19.1588	0.238537
1026	14.1018	0.226317
1027	11.9415	0.199699
1028	15.69	0.291776
1029	15.0783	0.228293
1030	15.1278	0.299838
1031	10.8551	0.360011
1032	14.0929	0.612068
1033	12.8299	0.169809
1034	13.1146	0.209313
1035	20.3996	0.137199
1036	16.0082	0.308132
1037	15.9439	0.295864
1038	13.9277	0.327366
1039	16.5152	0.155917
1040	15.4988	0.342367
1041	17.7681	0.27511
1042	13.3883	0.352007
1043	11.9524	0.212249
1044	15.6277	0.354682
1045	6.14626	0.424352
1046	15.8343	0.283704
1047	8.95616	0.377818
1048	15.0932	0.276981
1049	15.318	0.21197
1050	15.2428	0.20459
1051	15.9185	0.219886
1052	11.6706	0.232602
1053	15.5916	0.317228
1054	15.5367	0.250083
1055	14.7114	0.276479
1056	12.0618	0.163819
1057	10.8829	0.293954
1058	14.2302	0.250363
1059	13.4606	0.324162
1060	10.6462	0.481382
1061	12.7655	0.342638
1062	14.3248	0.195993
1063	17.4053	0.273829
1064	13.3378	0.307663
1065	10.3166	0.30233
1066	12.3811	0.290948
1067	13.2049	0.194634
1068	10.7812	0.260651
1069	18.4291	0.289586
1070	12.783	0.372114
1071	13.1643	0.275947
1072	12.0863	0.308396
1073	20.0126	0.254851
1074	20.722	0.224565
1075	18.6036	0.194862
1076	22.0765	0.157527
1077	20.6939	0.236818
1078	13.8061	0.224367
1079	18.0927	0.242817
1080	19.0039	0.154981
1081	21.7896	0.247068
1082	16.6619	0.181898
1083	12.8027	0.273931
1084	13.2034	0.331613
1085	15.0105	0.180504
1086	17.8295	0.147919
1087	13.7702	0.268519
1088	17.3091	0.538325
1089	14.7801	0.357581
1090	14.0722	0.284165
1091	12.007	0.253562
1092	14.347	0.253787
1093	22.3569	0.144282
1094	12.915	0.432778
1095	13.7729	0.233286
1096	15.0646	0.316488
1097	18.9361	0.275843
1098	23.7838	0.219639
1099	13.4558	0.24133
1100	14.8624	0.165854
1101	14.2327	0.247823
1102	17.5127	0.186957
1103	13.9986	0.192468
1104	19.108	0.21723
1105	8.19018	0.37999
1106	12.5563	0.260619
1107	18.8906	0.193919
1108	15.6729	0.404562
1109	19.707	0.324694
1110	13.2806	0.291616
1111	15.54	0.269561
1112	8.64652	0.389814
1113	12.9944	0.216358
1114	18.6594	0.299603
1115	12.6714	0.224324
1116	11.7269	0.301475
1117	12.2714	0.26773
1118	10.6228	0.244297
1119	11.6508	0.240187
1120	10.6481	0.20823
1121	11.9954	0.223383
1122	11.2204	0.370384
1123	9.54473	0.352853
1124	11.1552	0.250599
1125	7.21134	0.272219
1126	17.7601	0.197003
1127	17.2033	0.232636
1128	17.7203	0.175335
1129	18.0856	0.314462
1130	20.9176	0.264502
1131	19.8771	0.185463
1132	22.5599	0.219228
1133	16.2878	0.266065
1134	17.6413	0.14672
1135	15.0691	0.25269
1136	16.3757	0.314249
1137	16.1781	0.619268
1138	17.1477	0.3111
1139	24.1587	0.247227
1140	17.8699	0.140081
1141	12.9978	0.173557
1142	17.2381	0.144225
1143	11.6896	0.279224
1144	15.5133	0.199458
1145	14.1438	0.489293
1146	19.0979	0.13374
1147	19.0135	0.24406
1148	14.9154	0.282022
1149	13.5902	0.186345
1150	18.4343	0.281375
1151	9.17136	0.245138
1152	15.7962	0.204165
1153	18.7981	0.269655
1154	17.0601	0.20784
1155	8.92485	0.352924
1156	11.166	0.545797
1157	9.7438	0.317851
1158	7.79899	0.288901
1159	9.30539	0.255917
1160	12.7729	0.39213
1161	9.31066	0.203089
1162	12.1404	0.208591
1163	13.8655	0.26335
1164	15.7653	0.159199
1165	16.7944	0.230138
1166	14.9416	0.173613
1167	12.9453	0.278347
1168	15.6253	0.192949
1169	12.5772	0.312306
1170	11.7734	0.217329
1171	11.8656	0.218193
1172	12.1415	0.254374
1173	11.6811	0.418971
1174	13.0066	0.395083
1175	10.1862	0.317359
1176	16.2275	0.218848
1177	11.4888	0.317598
1178	10.8589	0.240306
1179	18.3766	0.244719
1180	14.7506	0.379092
1181	14.933	0.279443
1182	14.6096	0.2892
1183	16.0677	0.326491
1184	14.7591	0.17617
1185	20.188	0.240442
1186	11.7567	0.31373
1187	13.0926	0.241236
1188	14.3474	0.281865
1189	16.062	0.289239
1190	7.50935	0.292534
1191	14.8887	0.205941
1192	10.6805	0.226502
1193	15.7517	0.157548
1194	13.3214	0.165656
1195	12.613	0.276937
1196	13.0735	0.246426
1197	16.683	0.254163
1198	11.6684	0.221051
1199	20.363	0.243635
1200	13.8238	0.289128
1201	12.1587	0.536687
1202	12.0848	0.214673
1203	12.7798	0.27541
1204	11.9631	0.340829
1205	12.6369	0.451068
1206	14.2549	0.19408
1207	16.5296	0.231712
1208	14.268	0.166638
1209	13.3978	0.45777
1210	9.72971	0.442387
1211	11.359	0.300946
1212	9.32628	0.252767
1213	9.4697	0.372068
1214	16.6829	0.23578
1215	19.5885	0.180381
1216	14.3045	0.325661
1217	18.4237	0.19934
1218	16.6913	0.143823
1219	13.5969	0.287588
1220	12.1037	0.350367
1221	17.3991	0.260156
1222	19.6999	0.329053
1223	11.0731	0.265889
1224	16.7955	0.315589
1225	11.876	0.203369
1226	13.9542	0.274516
1227	13.0107	0.2665
1228	19.4818	0.104012
1229	16.39	0.214777
1230	18.0121	0.165297
1231	16.5317	0.421997
1232	12.3098	0.217533
1233	13.8891	0.349846
1234	16.9764	0.231179
1235	15.9862	0.290716
1236	15.4758	0.324481
1237	17.9742	0.211081
1238	12.7783	0.399541
1239	18.9897	0.129047
1240	14.3431	0.400386
1241	16.1478	0.233124
1242	12.3674	0.231494
1243	8.58873	0.2786
1244	11.7368	0.276453
1245	10.6889	0.143011
1246	11.5578	0.184591
1247	11.6832	0.395821
1248	12.8825	0.490502
1249	13.0592	0.298301
1250	16.6071	0.309892
1251	13.1634	0.195025
1252	10.2378	0.298666
1253	10.9809	0.20494
1254	13.2107	0.290238
1255	7.73578	0.295868
1256	17.3982	0.334062
1257	11.6765	0.308464
1258	16.6765	0.208196
1259	16.4327	0.233918
1260	17.2225	0.186596
1261	17.3686	0.301835
1262	13.511	0.200859
1263	12.6885	0.368728
1264	7.46004	0.319246
1265	8.69425	0.314922
1266	15.3448	0.12939
1267	7.8823	0.419639
1268	15.1784	0.262534
1269	18.7276	0.112247
1270	16.2069	0.296674
1271	9.22968	0.287237
1272	14.0958	0.200237
1273	9.00327	0.228569
1274	6.52293	0.336752
1275	8.44013	0.224938
1276	16.3704	0.202267
1277	6.9525	0.270599
1278	12.8362	0.238308
1279	11.3804	0.26831
1280	12.7189	0.211211
1281	12.7562	0.171798
1282	15.4291	0.484248
1283	15.6589	0.30594
1284	11.0262	0.130357
1285	14.9889	0.240827
1286	9.67653	0.295631
1287	12.3079	0.39173
1288	8.69947	0.232041
1289	9.39595	0.392153
1290	8.11602	0.341434
1291	9.11498	0.351087
1292	10.5015	0.381663
1293	11.6018	0.339337
1294	9.04968	0.199405
1295	14.1439	0.184198
1296	11.0976	0.205305
1297	9.12732	0.31116
1298	10.8035	0.247737
1299	9.32675	0.217021
1300	11.2472	0.365781
1301	10.7819	0.341761
1302	9.95311	0.277822
1303	11.114	0.331089
1304	6.6869	0.345796
1305	7.42821	0.336388
1306	7.54471	0.331298
1307	10.287	0.30979
1308	6.35803	0.324677
1309	8.29993	0.228017
1310	12.3669	0.196587
1311	10.4417	0.379973
1312	12.6719	0.272146
1313	14.3219	0.364062
1314	13.4126	0.179189
1315	15.9041	0.175662
1316	7.84373	0.41108
1317	11.6932	0.20663
1318	11.6691	0.224812
1319	16.5768	0.202563
1320	15.2904	0.237481
1321	16.6145	0.411327
1322	18.6061	0.278024
1323	15.6865	0.128487
1324	13.3006	0.340518
1325	13.6119	0.233657
1326	12.9355	0.22394
1327	11.1693	0.301647
1328	12.4059	0.300087
1329	14.5458	0.262509
1330	10.4163	0.228452
1331	11.8286	0.262019
1332	17.0308	0.18022
1333	10.2583	0.188492
1334	12.3016	0.230085
1335	17.6637	0.180745
1336	19.5145	0.206385
1337	13.064	0.249331
1338	14.6777	0.320236
1339	13.3449	0.249278
1340	14.2107	0.245287
1341	15.8246	0.221248
1342	15.4477	0.327998
1343	15.7491	0.27235
1344	12.6203	0.234061
1345	11.6382	0.490518
1346	11.0627	0.239311
1347	15.7941	0.201283
1348	7.66486	0.334253
1349	12.8485	0.368643
1350	7.13787	0.433545
1351	13.273	0.258425
1352	9.68357	0.197822
1353	12.9385	0.358112
1354	17.5477	0.263947
1355	9.46232	0.384004
1356	10.819	0.245083
1357	14.4962	0.218599
1358	17.2088	0.196923
1359	16.2715	0.15754
1360	14.7693	0.240389
1361	16.1282	0.201369
1362	13.6543	0.200128
1363	13.3376	0.257071
1364	17.8942	0.169318
1365	14.4818	0.22263
1366	15.4651	0.424377
1367	19.103	0.25359
1368	12.3871	0.184882
1369	15.9668	0.238497
1370	10.8957	0.162644
1371	10.2224	0.267497
1372	7.74837	0.363101
1373	18.7823	0.202945
1374	16.3427	0.233625
1375	10.696	0.277487
1376	13.7167	0.361371
1377	15.0102	0.240669
1378	12.4438	0.26929
1379	17.5167	0.205055
1380	12.4586	0.227021
1381	13.1787	0.256831
1382	14.4784	0.189242
1383	11.3234	0.426161
1384	17.9331	0.17083
1385	15.4592	0.311291
1386	11.6237	0.247462
1387	8.10645	0.359522
1388	23.8943	0.312314
1389	12.6634	0.48891
1390	16.8846	0.205426
1391	12.3143	0.38412
1392	14.9348	0.230694
1393	13.1307	0.309177
1394	15.5658	0.177497
1395	17.5251	0.16998
1396	16.8911	0.219078
1397	18.2283	0.263836
1398	18.0678	0.180227
1399	16.9253	0.364605
1400	12.0525	0.226726
1401	15.976	0.244286
1402	16.5128	0.154702
1403	16.5089	0.169658
1404	19.9786	0.305485
1405	21.3661	0.234567
1406	19.4668	0.319096
1407	19.7767	0.188835
1408	15.802	0.14716
1409	19.8429	0.290717
1410	18.9486	0.17803
1411	18.084	0.165616
1412	13.7575	0.262269
1413	20.3711	0.276829
1414	17.2642	0.322539
1415	19.7472	0.320267
1416	20.4005	0.249697
1417	15.5786	0.329809
1418	21.4739	0.189154
1419	21.2737	0.1841
1420	20.8826	0.21386
1421	17.4952	0.18488
1422	16.9877	0.270049
1423	18.3236	0.186638
1424	13.0356	0.260715
1425	18.7472	0.262376
1426	19.6963	0.190098
1427	23.9976	0.322354
1428	23.993	0.159613
1429	20.2579	0.223169
1430	23.315	0.236004
1431	18.1415	0.218409
1432	23.2772	0.110722
1433	15.5962	0.233888
1434	16.4739	0.381098
1435	23.0646	0.22406
1436	19.7304	0.204529
1437	19.7542	0.0886648
1438	21.29	0.257509
1439	20.2901	0.237823
1440	18.2776	0.196844
1441	19.5089	0.161708
1442	14.1841	0.247063
1443	19.2385	0.370825
1444	18.2298	0.204479
1445	15.2149	0.213851
1446	18.6356	0.162229
1447	22.4641	0.131861
1448	17.8229	0.197008
1449	18.9036	0.103971
1450	19.021	0.296712
1451	22.6399	0.263551
1452	23.6565	0.381039
1453	23.9101	0.176779
1454	17.5307	0.189547
1455	17.1447	0.414217
1456	17.8286	0.326873
1457	21.1772	0.250873
1458	18.7698	0.446577
1459	19.8803	0.309939
1460	14.5278	0.192479
1461	23.1521	0.107316
1463	17.1626	0.225475
1464	21.4767	0.196993
1465	19.5264	0.20539
1466	17.7776	0.175182
1467	16.7844	0.267109
1468	17.6407	0.169714
1469	17.8359	0.219476
1470	15.363	0.260371
1471	18.9243	0.18182
1472	23.069	0.229066
1473	22.9977	0.200294
1474	21.9589	0.146454
1475	16.7679	0.216189
1476	20.0572	0.225442
1477	20.2293	0.218485
1478	16.6373	0.238965
1479	15.0812	0.172296
1480	15.1589	0.287107
1481	18.4447	0.147288
1482	17.8593	0.310319
1483	14.0878	0.200431
1484	14.8457	0.3674
1485	19.114	0.215715
1486	13.5125	0.196331
1487	21.1407	0.147352
1488	17.3184	0.238953
1489	17.4099	0.214574
1490	21.9524	0.194251
1491	17.3369	0.247057
1492	14.6689	0.273705
1493	20.5614	0.197708
1494	13.1676	0.22654
1495	18.578	0.164505
1496	15.7758	0.196356
1497	16.6336	0.246716
1498	17.1347	0.397548
1499	19.5364	0.275246
1500	15.469	0.240357
1501	17.2555	0.203332
1502	17.7111	0.279284
1503	21.0704	0.194278
1504	23.406	0.140143
1505	11.8817	0.308314
1506	17.5495	0.262149
1507	17.4711	0.37493
1508	15.7484	0.235545
1509	18.6145	0.213652
1510	17.6837	0.220436
1511	15.6072	0.208809
1512	16.8953	0.26857
1513	13.0359	0.216955
1514	18.6101	0.146377
1515	18.6387	0.288134
1516	20.0144	0.163362
1517	20.2263	0.349736
1518	7.56076	0.241638
1519	14.1463	0.307082
1520	13.9935	0.229254
1521	15.648	0.296767
1522	18.2173	0.322548
1523	21.5357	0.237594
1524	19.8253	0.226756
1525	22.9223	0.208549
1526	23.9331	0.148061
1527	16.7019	0.323725
1528	17.2372	0.20211
1529	19.6134	0.317525
1530	18.1912	0.256526
1531	12.1768	0.471635
1532	16.2137	0.178237
1533	18.0502	0.265893
1534	19.8301	0.245064
1535	14.7649	0.301154
1536	15.8056	0.257834
1537	23.0169	0.274898
1538	17.2972	0.328418
1539	12.9859	0.225441
1540	17.5908	0.176264
1541	14.2339	0.247449
1542	19.8551	0.140218
1543	22.0395	0.238872
1544	20.4354	0.322924
1545	20.8864	0.236779
1546	21.2273	0.389455
1547	17.1656	0.24564
1548	21.8662	0.220769
1549	15.0739	0.147323
1550	15.8906	0.264989
1551	21.6621	0.171097
1552	21.625	0.233293
1553	16.0971	0.29287
1555	20.4145	0.296325
1557	23.5077	0.189167
1559	21.4784	0.260821
1560	20.9435	0.162123
1561	19.4586	0.406146
1564	20.5002	0.259297
1565	23.1714	0.208987
1566	23.4519	0.396446
1568	23.9204	0.203146
1569	19.2053	0.327995
1570	24.0386	0.247119
1571	20.788	0.149363
1572	20.9391	0.264986
1573	22.9848	0.165835
1574	18.5611	0.14551
1575	21.7557	0.243862
1576	21.3895	0.299065
1577	20.5555	0.163501
1578	17.1016	0.168804
1579	16.589	0.408441
1580	21.7088	0.154618
1581	22.5601	0.221311
1582	17.7739	0.21763
1584	22.7464	0.17295
1585	24.1153	0.239345
1586	22.0504	0.230308
1587	24.4507	0.206458
1588	18.6695	0.133283
1589	20.7783	0.275265
1590	23.4767	0.090867
1591	22.9325	0.15037
1592	23.4724	0.189732
1593	18.9783	0.228383
1594	23.8244	0.216387
1595	23.3907	0.226203
1596	18.7329	0.325866
1597	20.9979	0.255507
1598	18.8382	0.383578
1599	14.7531	0.265905
1600	18.4368	0.236426
1601	17.3436	0.319163
1602	13.386	0.292514
1603	14.3168	0.349852
1604	14.433	0.352596
1605	17.6342	0.230117
1606	20.6163	0.289008
1607	18.2123	0.206929
1608	18.2511	0.193785
1609	22.1376	0.224719
1610	17.729	0.267182
1611	17.5221	0.292538
1612	17.3978	0.28457
1613	16.5345	0.360944
1614	15.9736	0.25712
1615	14.4296	0.336161
1616	12.9069	0.434254
1617	13.5713	0.538042
1618	20.6161	0.240968
1619	17.7561	0.134281
1620	18.8898	0.231079
1621	19.2222	0.168437
1622	16.8177	0.201116
1623	20.7838	0.229157
1624	17.5783	0.103368
1625	14.1691	0.245334
1626	20.6654	0.29477
1627	21.2199	0.196166
1628	19.3384	0.143574
1629	18.9982	0.298262
1630	19.5067	0.259163
1631	14.6711	0.219546
1632	18.8877	0.196114
1633	22.1398	0.196681
1634	19.2584	0.162209
1635	18.6977	0.233378
1636	16.2844	0.16931
1637	19.9606	0.215265
1638	21.7442	0.305638
1639	21.3059	0.260901
1640	19.2266	0.206781
1641	18.7348	0.232557
1642	20.1076	0.23232
1643	24.6731	0.172411
1644	16.4698	0.285776
1645	23.1761	0.116241
1646	21.9556	0.154487
1647	16.9364	0.0760663
1648	20.4286	0.401874
1649	20.0118	0.206723
1650	19.285	0.265902
1651	19.8054	0.228978
1652	22.5255	0.175775
1653	23.5774	0.300314
1654	24.9219	0.128322
1655	18.0642	0.131436
1656	17.1663	0.2788
1657	18.3347	0.200753
1658	18.6672	0.152863
1659	19.9269	0.361266
1660	19.0058	0.156606
1661	19.9207	0.199339
1662	20.8755	0.211399
1663	18.7138	0.213109
1665	19.9443	0.165185
1666	17.4518	0.194392
1667	23.2863	0.16451
1668	17.255	0.194816
1669	20.5239	0.108206
1670	20.7385	0.192744
1671	18.3601	0.192838
1672	22.0633	0.188439
1673	17.407	0.198738
1674	16.3084	0.168028
1675	13.5431	0.312443
1676	12.1069	0.265075
1677	13.1046	0.26431
1678	23.486	0.131153
1679	20.2943	0.270581
1680	15.4205	0.25034
1681	21.3195	0.108333
1682	14.2228	0.187607
1683	18.0413	0.314781
1684	16.7898	0.168809
1685	18.5231	0.345567
1686	14.8401	0.204254
1687	23.3188	0.281983
1688	17.9198	0.160396
1689	16.0295	0.297433
1690	10.8634	0.238507
1691	12.8054	0.172532
1692	16.7062	0.260965
1693	17.9682	0.25193
1694	14.2043	0.230063
1695	15.9656	0.287194
1696	17.6477	0.248387
1697	19.411	0.188548
1698	8.09737	0.278289
1699	17.6148	0.25568
1700	20.8363	0.208465
1701	17.208	0.266278
1702	16.606	0.437233
1703	19.9651	0.196292
1704	17.719	0.205456
1705	18.0752	0.26687
1706	19.3201	0.162989
1707	11.5409	0.335052
1708	15.7168	0.202258
1709	18.5947	0.141684
1710	20.0288	0.132882
1711	18.3762	0.236396
1712	15.9919	0.159078
1713	20.1417	0.257511
1714	20.2258	0.282696
1715	20.7876	0.190632
1716	21.4891	0.169231
1717	17.4252	0.1552
1718	15.7581	0.257046
1719	16.6124	0.299493
1720	18.6412	0.2233
1721	17.1236	0.172577
1722	18.7633	0.182112
1723	14.7304	0.25907
1724	15.9933	0.152616
1725	18.1595	0.148666
1726	17.1288	0.236669
1727	16.9389	0.335533
1728	19.9564	0.242738
1729	18.556	0.282675
1730	22.2177	0.275344
1731	15.1169	0.160029
1732	20.3613	0.136661
1733	18.1686	0.204759
1734	19.5671	0.0532069
1735	20.6774	0.23828
1736	21.2161	0.226116
1737	19.6968	0.161966
1739	17.2361	0.180656
1740	15.4624	0.225003
1741	13.5023	0.298208