# 19:25 - 20:05 -> 30 min
# Number	beat-frequency [MHz]	sigma [MHz]
0	24.1738	0.742583
1	26.0516	0.512158
2	11.3045	1.05564
3	23.0274	0.902125
4	8.58706	1.20195
7	8.18773	1.15019
10	5.32381	1.15846
11	9.24364	1.04921
13	27.5336	0.439868
14	9.33475	0.957182
16	19.7415	0.734284
17	7.63628	0.881874
18	31.1449	0.601488
19	15.8452	0.877468
22	23.2725	0.679425
23	16.3603	0.952262
24	11.4283	1.09918
25	10.9519	1.00812
26	25.7466	0.867306
27	11.5665	0.979342
28	17.4712	1.006
29	15.1975	1.22377
31	18.6273	0.566912
32	16.3493	0.979191
33	7.29978	1.08199
34	12.1018	0.830366
35	13.1901	1.00051
36	20.3449	0.785374
37	25.5627	0.783873
38	16.0365	0.777478
40	10.3287	0.882963
41	3.37364	2.23062
42	21.8195	0.672036
43	20.9572	0.7454
44	9.9603	0.740934
45	25.8149	0.634854
46	1.27563	2.5966
47	23.6678	0.647099
48	13.0601	1.25511
50	24.0267	0.593013
51	14.5676	1.10246
52	2.6294	2.21385
53	24.5744	0.866004
54	24.176	0.731906
55	23.8415	0.600864
57	19.0989	0.691547
58	24.9714	0.961688
62	3.73928	2.90603
63	7.39618	0.940183
64	21.5856	0.826104
65	16.3	1.17866
66	21.1709	0.828381
67	8.3634	1.18949
68	21.5504	0.657095
69	13.4562	0.835988
70	29.144	0.821939
71	18.807	0.950104
72	8.65873	0.899545
73	24.8043	0.746957
75	26.9549	0.784193
76	22.5525	0.834389
77	14.9821	28.0719
78	15.2326	1.23896
79	17.9626	0.940334
80	28.2398	0.743996
81	7.21485	1.06295
83	12.5448	1.09125
84	3.24254	2.2658
86	25.533	0.733303
87	24.045	0.721187
88	8.92895	1.01706
89	20.0668	0.858371
90	7.26251	1.05517
91	23.2689	0.915197
92	20.3834	0.884356
93	3.51899	2.66111
94	6.02497	0.896362
95	26.3916	0.620517
96	10.7045	1.07786
97	19.9298	0.504574
98	23.6898	0.608933
100	14.064	1.23486
101	20.5589	0.641349
102	18.4796	0.856804
103	24.5908	0.719553
104	25.7436	0.618206
105	16.9749	1.13084
106	23.4118	0.791846
107	19.8088	0.975101
108	2.75916	2.27503
109	18.3688	1.12319
110	17.5248	0.914182
111	22.9245	0.834904
112	3.09232	2.40668
113	16.1369	0.900229
114	5.59713	1.00944
115	22.131	0.647194
116	6.95546	1.17057
117	21.5358	0.736101
119	21.7987	0.735263
120	10.1692	0.92514
121	18.415	0.999087
122	1.29753	1.94459
123	1.86937	1.74571
124	12.2153	1.00634
125	18.4467	0.941326
126	19.6861	0.86228
127	8.25282	1.01836
129	15.96	0.971121
130	11.3195	1.05038
132	15.7068	0.909166
134	6.99273	1.11652
135	24.3262	1.1171
136	18.4279	0.764474
139	13.555	1.40117
141	7.63972	0.980678
144	6.54083	1.11216
145	26.195	0.442583
146	23.0072	0.77539
148	19.8582	0.978165
149	8.39149	1.16917
150	1.42347	1.86045
152	10.5383	1.30071
153	18.552	0.887326
154	15.0473	0.942132
155	16.4115	0.9632
159	7.95917	1.27368
160	17.457	0.925801
161	19.4897	0.773226
162	5.94117	1.3109
163	20.669	0.85348
165	5.57437	1.13215
166	23.1326	0.775804
167	25.7422	0.753339
168	15.9153	0.934442
169	16.8837	1.25496
170	24.6746	0.797869
172	24.844	0.594273
173	22.5151	1.04619
174	8.77487	1.48418
175	10.284	0.907944
176	29.7443	0.84659
177	16.8925	1.01498
178	30.0297	0.617348
179	9.17115	1.04528
180	12.9153	1.10406
181	27.3431	0.518326
182	9.82824	1.19339
183	9.7265	1.19501
185	20.3145	0.811372
186	20.6008	0.63798
187	16.9106	1.21991
188	4.04361	3.31991
189	11.1185	1.18409
190	18.9721	1.09781
192	18.323	0.951409
193	27.6269	0.76311
194	27.3289	0.54906
195	0.950814	1.58135
196	16.5453	0.942257
198	16.2292	1.13444
199	24.5005	0.654729
200	15.2847	1.53721
201	20.9837	0.986752
202	17.4837	0.842202
203	26.1569	0.618876
204	22.1148	1.00199
205	14.3761	1.25732
206	25.0995	0.631651
207	23.7593	1.00556
209	27.3567	0.945645
210	7.62936	0.977578
#211	-6.62779	5.03757	<- rausgeworfen, weil unsinnig
212	20.3906	1.00858
213	12.1735	0.943304
214	13.9038	1.1721
218	24.2504	0.701517
219	25.3253	0.6278
220	20.69	1.02432
223	1.53588	2.34718
224	18.077	1.1979
225	7.34618	1.15528
226	24.0739	0.807416
227	11.8652	1.1442
228	14.5483	0.869368
230	2.58845	1.8121
231	24.301	0.758661
232	23.1051	0.615755
233	7.9764	1.41968
234	25.3436	0.637014
235	18.0774	1.32367
236	25.1864	0.755729
237	22.4265	0.851917
238	18.8084	0.878209
241	26.2368	0.688445
242	14.9564	1.03815
244	18.1116	0.871408
245	19.58	0.816912
246	3.22104	2.55384
247	26.5997	0.635885
248	13.1913	1.15401
249	17.6529	1.20097
250	21.2398	0.676857
251	12.9313	1.62651
252	21.0322	0.928131
254	11.1196	1.04914
255	16.6862	0.992292
256	13.2893	1.4071
257	10.9297	1.19319
258	25.1257	0.910261
259	25.8201	0.504945
260	8.18153	1.13839
261	14.4547	1.02839
262	4.32437	3.60049
263	26.2886	1.01853
264	19.4846	0.819489
265	16.6863	0.907463
266	11.9036	1.3207
267	14.1956	1.27108
268	6.4351	1.1437
269	18.4734	0.680773
270	9.68391	1.11053
271	11.361	0.963403
272	2.58922	2.02648
273	15.6409	0.962186
275	16.6286	0.8657
276	9.3885	1.03765
277	11.4416	0.973776
278	18.8894	0.895157
279	15.9392	1.16234
280	24.8908	0.962116
281	22.2453	0.673055
282	20.2474	0.772494
283	20.7142	0.966341
285	19.4846	0.804083
286	23.3434	0.811792
287	15.3699	0.985462
288	15.4415	0.837006
289	17.6191	1.03714
290	21.7599	0.830895
292	2.58119	1.71722
293	21.9049	0.792179
295	16.8379	0.912945
297	24.2442	0.766062
299	1.62826	1.61456
300	3.60254	2.81634
301	6.85738	1.04092
302	22.2206	0.951597
303	21.2512	0.617992
304	20.0998	0.897927
305	10.5943	0.972065
306	21.1628	0.746714
307	4.95887	1.25441
308	8.57994	0.948672
309	20.9428	0.854913
310	23.254	0.773465
311	25.7592	0.834081
313	11.8559	1.1065
314	20.1026	0.751407
315	15.6296	1.04369
316	11.0447	0.860688
318	10.815	0.855425
319	3.40869	2.70496
320	16.8422	1.162
321	2.20642	1.71237
322	3.67589	2.69961
323	8.30924	0.936527
324	13.8725	1.21804
325	15.5204	0.881717
326	18.977	0.818885
329	16.2274	0.870751
331	15.6505	0.744012
332	21.6557	0.859829
333	22.5893	0.651435
334	9.38161	1.12889
335	16.3808	0.978011
336	20.2721	1.02165
337	21.9905	0.758638
338	19.8927	1.05844
339	20.3947	1.03252
340	21.8844	1.0083
341	5.90477	1.38635
342	11.6186	0.998444
343	7.71434	1.01322
344	19.4587	0.715772
345	8.79986	0.893892
346	22.7365	0.72598
347	11.499	1.11897
348	17.9375	1.09932
349	9.85993	1.0731
350	20.7609	0.803059
351	7.46027	0.832988
352	13.1423	1.11986
353	22.6874	0.743301
354	14.4869	1.1047
355	19.5709	0.717999
357	24.2552	0.596328
358	20.8785	0.721427
359	8.79711	1.25913
361	23.498	0.573192
363	18.9145	1.08137
364	16.3792	0.77907
365	16.2959	0.735403
366	11.6645	0.912108
367	22.3351	0.697059
368	20.9929	1.00374
369	6.3684	1.21106
370	14.0702	0.925407
371	25.4979	0.668952
372	25.4236	0.90206
373	26.8976	0.755583
374	18.3492	0.819152
375	19.764	0.654745
377	2.43746	1.58295
379	13.4305	0.94002
380	10.6509	0.94395
381	14.9668	1.03558
382	18.477	0.957863
383	21.4326	0.823425
384	20.2085	0.948078
386	26.7507	0.884879
387	13.035	0.908174
388	11.561	1.07919
389	16.3657	0.843449
392	13.6496	1.02301
393	16.572	1.13875
394	10.1434	0.914176
395	26.4696	0.677033
396	20.4229	0.691213
397	14.0541	1.25641
399	11.426	1.13091
400	22.0375	0.853025
401	11.1819	1.1131
402	15.5598	0.77849
403	17.1197	1.04308
405	10.3106	0.878734
406	11.5839	1.16748
407	17.9841	0.757366
408	20.0574	0.843165
409	20.8871	0.899759
410	8.75513	0.885588
411	19.0301	1.13115
412	3.93842	2.3503
413	13.717	0.89244
414	4.35061	3.64897
415	16.2983	0.83851
416	13.464	0.907667
417	23.0722	0.589036
418	19.6829	0.757479
421	5.37163	1.30994
422	16.3247	1.02094
423	22.3964	0.736747
424	27.7701	0.555302
425	22.9751	0.777424
426	10.2637	0.979077
427	14.425	1.03615
428	16.7083	0.905959
430	18.6616	1.04867
431	30.0558	0.702736
432	26.5099	0.594147
433	14.9577	0.880462
434	14.5197	0.983118
436	12.4609	1.08988
437	23.7833	0.629806
438	13.5821	0.923942
439	17.8164	1.10295
440	18.2893	0.820724
441	22.6622	1.01658
443	25.8533	0.567532
444	2.20949	1.57101
446	19.8875	0.647161
447	16.1231	1.09644
448	18.3077	0.638665
449	17.6287	0.977339
450	10.2975	0.712089
451	17.1183	0.826924
452	16.3202	0.760231
453	17.286	1.10734
455	20.6039	0.735336
457	19.4907	1.0185
458	26.5969	0.630852
459	8.91412	0.773566
460	12.0063	1.36868
461	13.9891	0.95527
462	10.2276	1.053
463	23.1303	0.665011
464	19.8428	0.664045
465	11.6746	0.963331
466	12.7623	0.837726
467	20.4874	0.666217
468	13.154	0.815446
469	7.02394	1.17176
470	10.8626	0.932046
471	10.7906	1.18432
472	1.79921	1.77088
473	9.50931	1.04136
474	6.66421	1.13496
475	25.3433	0.74951
476	26.5238	0.614329
477	9.01013	0.861837
478	19.0571	0.900789
479	24.6801	0.910388
480	12.7432	0.960942
481	15.5464	0.988979
483	15.9846	1.10463
484	12.1251	0.979957
485	9.30343	0.932997
486	23.5698	0.852719
487	22.9904	0.655584
488	3.53712	2.82753
489	22.4038	0.682612
490	20.3698	0.951132
491	13.0865	1.03681
492	2.9594	2.54162
493	3.50459	2.60603
494	15.9061	0.823439
495	17.5621	1.0223
496	24.3074	0.674101
497	12.0709	1.04162
498	9.14843	0.858437
499	24.7775	0.582285
500	21.7825	0.824643
501	21.5651	0.945013
502	28.2634	0.571037
503	2.83435	1.96174
504	2.96042	2.26985
505	13.9266	1.2646
506	15.1735	0.645246
507	18.0244	0.74671
508	18.9351	0.973327
509	14.9738	0.922901
510	14.3916	0.782875
511	20.9973	0.728431
512	20.8227	0.67728
513	14.3576	0.9672
514	10.5719	1.10644
516	8.45702	1.13722
519	7.14624	1.05163
521	15.1622	0.909109
522	18.6308	0.769106
523	17.9581	0.86964
524	7.79717	1.01507
525	13.7556	1.14313
526	21.6615	0.926267
527	20.584	0.932713
528	13.8521	1.03043
529	16.5338	0.965341
530	26.0238	0.752106
531	22.8099	0.866432
532	24.6893	0.587717
533	15.5348	0.814026
534	11.4951	0.949727
535	6.56755	0.790263
536	28.8315	0.620674
537	10.476	0.809887
538	19.6629	0.825919
539	14.8179	0.837223
540	12.779	1.16292
541	18.1588	0.653416
542	22.7699	0.685978
543	1.81959	1.62192
544	20.798	0.824675
545	23.3099	0.708297
546	20.8689	0.650109
547	26.9329	0.761996
548	22.8887	0.798993
549	18.54	0.973309
550	25.2704	0.649662
551	17.8627	0.967478
552	14.5339	0.864015
553	23.5969	0.774883
554	22.1613	0.923769
555	22.0871	0.683938
556	26.6198	0.523225
557	14.4347	0.964242
559	18.2485	0.899724
560	11.8997	1.10069
563	1.77111	2.01351
564	11.7025	1.25653
565	9.24068	0.97567
566	14.6415	1.2877
567	3.94992	2.71223
568	22.1627	0.930058
570	19.0633	1.08734
571	24.4839	0.609628
572	23.4294	0.548644
573	20.1863	0.890406
574	2.30375	1.74859
575	20.839	0.754428
576	20.5852	0.811623
578	27.8624	0.501092
579	3.93238	2.90262
581	12.4593	1.07246
582	26.432	0.723581
583	14.3513	1.16002
584	13.7989	0.995579
585	16.9594	0.985539
587	23.3313	0.66506
588	6.30974	1.09335
589	17.5719	1.05736
590	15.2607	1.04586
592	13.0916	0.93484
593	27.9628	0.945492
594	17.7358	0.848742
595	24.4322	0.744189
596	8.18671	1.15737
597	23.0425	0.81198
598	9.84129	1.01724
599	23.8291	0.780177
600	15.4502	0.96721
601	26.1765	0.638092
602	6.66633	1.37838
603	16.5791	1.09148
604	6.01645	1.03159
605	21.7215	0.642499
608	20.3608	0.883068
609	15.361	0.980592
610	21.9401	0.675498
611	6.81069	1.48306
612	25.9301	0.649352
613	19.5929	1.00258
614	11.0255	1.12128
615	13.8758	1.18318
616	12.4306	1.0045
617	24.7074	0.65484
618	24.8306	0.754671
619	28.9246	0.602068
620	25.8543	0.65884
621	27.2399	0.76822
622	27.8696	0.467878
623	16.3932	0.809733
624	21.5576	0.806191
625	11.7025	1.23466
626	18.0239	0.945753
627	9.86492	0.961228
628	7.43756	1.04762
629	13.4761	0.904553
630	23.2092	0.877194
632	16.3879	1.04732
633	20.9462	0.689793
634	24.5958	1.03015
635	19.4784	0.996663
636	7.06811	1.20184
637	20.1276	1.03521
638	8.98623	0.998617
639	18.9291	0.826823
640	19.0115	0.995224
641	14.2204	1.04384
642	6.4644	1.25044
644	19.0938	0.81742
645	8.83265	0.839614
646	12.4744	0.969319
647	24.7379	0.786519
648	13.8127	1.08786
649	20.8952	0.793507
651	19.1515	0.720284
652	19.746	0.857022
653	12.2652	0.939011
654	19.5269	0.608937
655	10.0447	0.953823
656	18.8679	1.13861
657	13.2335	1.18628
658	22.461	0.764918
660	20.1474	0.767612
661	8.65975	1.04826
662	17.3808	0.813145
663	9.51006	0.857805
664	19.2908	0.877553
665	20.0379	0.768464
666	23.4947	0.927554
667	23.1689	0.655551
668	15.5317	1.08761
669	12.4437	0.901293
670	16.1183	1.03357
671	1.93018	1.66361
672	12.3767	1.15704
673	17.6094	1.1075
674	18.6413	0.877031
675	15.5125	0.895084
676	3.87084	2.88857
677	20.2066	0.833442
678	15.7538	1.09834
679	28.4871	0.593907
680	19.1784	0.816132
681	22.2867	0.880779
682	13.1074	0.877284
683	20.4505	0.797975
685	4.01152	3.13687
687	6.7541	1.06289
688	20.1986	0.77453
689	18.4086	1.11903
691	26.8766	0.838487
692	15.428	1.21182
693	15.2812	0.960093
694	19.286	0.709126
695	15.6197	0.934589
696	8.24918	0.864189
697	25.7428	1.03589
698	26.2396	0.704194
699	19.6516	0.966228
700	13.7092	1.04404
701	14.0208	1.05387
702	13.6508	1.04784
703	4.49855	3.9796
704	15.2524	1.19673
705	17.3935	0.845722
706	17.5824	1.0859
707	24.9318	0.632217
708	14.9	1.08465
709	24.3993	0.712961
710	22.3587	0.801541
711	19.0078	0.83529
712	3.83014	2.88911
713	24.5123	0.697949
714	14.4949	0.919673
715	3.26289	2.51901
717	25.9761	0.504154
718	13.0675	1.03346
719	3.71707	2.70506
720	20.6244	0.737034
721	19.6543	0.878079
722	24.2095	0.713647
723	24.1414	0.688174
724	12	1.14368
725	4.12062	3.50697
726	7.91065	1.23014
727	2.39761	2.14658
728	6.90689	0.939959
729	17.6191	0.892547
730	15.5374	1.12062
731	9.46017	1.16096
732	22.8002	0.830058
733	17.0598	0.934699
734	21.4174	0.837605
735	7.54936	1.10528
736	13.1461	0.819639
737	15.3862	0.988029
740	12.4371	1.2593
741	23.6781	0.896935
742	19.4383	0.785659
744	20.0975	0.796132
745	6.48141	1.60431
747	9.67161	1.13407
749	28.2322	0.78231
750	19.0124	0.871257
751	18.5359	0.807956
752	23.4683	0.981841
753	19.389	0.675587
754	1.89691	1.6032
756	11.9581	1.38765
758	19.0578	0.816228
759	12.0332	1.27663
760	17.7823	1.1196
761	12.6399	1.11397
762	22.2878	0.908763
763	12.4024	1.27544
764	9.52157	1.00791
765	17.1424	1.11694
766	20.4006	0.700803
767	8.91646	1.18173
768	16.2703	1.07419
769	3.33648	2.58621
770	14.3392	1.02025
771	14.5283	1.08484
772	16.4222	0.921035
774	17.6135	1.14732
775	19.3036	1.13396
776	16.9924	0.877044
777	14.914	0.987147
778	23.3919	1.05318
779	17.616	1.09868
780	19.4908	1.0572
781	19.1879	0.732791
782	19.369	0.853429
783	2.92326	2.36557
784	4.15532	2.77471
785	13.1247	1.09949
786	18.5859	0.873499
787	20.1948	1.00117
788	7.43628	1.37309
789	2.32283	1.8186
790	25.0645	0.835682
791	22.0067	1.12128
792	7.49371	1.1816
794	28.9629	0.890092
795	5.96064	1.33535
796	20.3112	0.803617
797	21.6709	0.866822
798	4.34778	3.31208
799	16.0826	1.36356
801	26.9631	0.621839
802	12.1335	1.11093
803	3.35393	2.34839
804	13.8874	0.927391
805	18.3885	0.666148
806	10.4989	1.19074
807	8.93756	0.902769
808	4.24214	2.58246
809	22.5881	0.487327
810	24.3414	0.906303
811	15.7445	1.16054
812	22.4542	0.683635
813	15.8509	1.11479
814	15.5509	1.33316
815	21.7651	1.00702
816	12.7674	1.1379
817	16.7799	1.11518
818	12.1127	1.18314
819	14.4767	0.958416
820	27.1629	0.953354
821	8.91861	1.06824
822	16.7113	1.02641
823	16.0698	0.846477
824	11.8882	1.41547
825	14.8494	1.08112
826	20.9052	0.71087
827	1.74681	1.99993
830	22.2402	0.847197
833	10.2096	1.18096
834	3.97375	2.36874
835	19.9735	0.967197
836	4.28206	3.34468
837	15.1901	0.96452
838	21.3736	0.74319
839	17.8724	0.965142
840	27.3248	0.961428
842	28.267	0.736745
843	3.50045	2.60723
844	19.4692	1.4451
847	31.0556	0.445085
848	11.4488	1.06826
849	28.9018	0.664736
850	15.6259	1.06373
851	17.0058	1.07641
853	20.3819	0.905591
854	1.25353	1.47705
855	6.03054	1.19769
856	18.6701	0.999406
857	14.3669	1.17333
858	26.3032	0.818848
859	14.4885	1.30245
861	13.4437	1.05838
862	23.8798	0.762119
863	8.53982	0.953145
864	17.5323	1.14086
865	25.3636	0.478479
866	14.9501	1.17682
867	17.9326	0.948935
868	10.8955	1.22536
870	14.6032	1.12235
871	17.4259	0.875238
873	7.52922	1.2311
874	23.4676	0.505561
876	17.9326	1.11807
877	23.9855	0.826335
878	13.2062	1.33372
879	22.8098	0.710913
882	10.72	1.12215
883	16.8496	1.0771
884	24.5181	0.753419
885	13.7926	1.27369
886	26.9297	0.681628
887	25.0943	0.940238
888	13.474	1.07421
889	14.2537	1.07478
890	10.589	1.27609
891	19.3473	0.898077
892	8.99968	1.24338
894	17.285	1.03153
896	11.5465	1.1807
897	1.11329	1.86871
898	6.84539	1.05292
899	18.6838	0.771099
901	14.649	1.07594
902	9.66211	0.966476
903	5.8553	1.24106
904	31.3089	0.561257
905	20.0821	0.858528
906	12.6905	1.40553
907	26.1671	0.768558
908	17.6492	0.932627
909	16.2533	0.875899
910	19.5882	0.7322
911	15.0529	1.204
912	13.4029	1.25737
914	25.9296	0.657764
915	17.698	1.20746
916	3.00684	2.39029
917	20.0224	1.31936
918	19.1205	0.912786
919	3.87416	2.38579
920	9.61037	1.09942
921	7.77741	1.15928
922	18.3339	0.807555
924	19.2845	1.29273
925	19.8754	1.03664
926	22.0424	0.67285
927	27.3849	0.955249
928	18.5301	1.0609
929	28.2535	0.565567
930	19.0282	0.834831
931	19.0148	0.893059
932	16.5538	1.10378
933	6.97141	1.14524
934	21.0792	1.05433
935	24.801	0.681064
937	29.065	0.997937
938	17.6398	1.00672
939	25.5107	0.71385
940	8.22439	1.20506
941	24.6186	0.529129
942	28.8375	0.49108
943	16.9556	0.949387
944	13.1299	0.907571
945	12.8309	1.16834
946	21.1498	1.01382
947	27.0324	0.801982
949	12.5167	1.10287
950	1.01467	2.15383
951	13.4035	1.2206
954	15.8453	0.950683
955	15.9305	1.24281
956	18.266	0.900694
957	8.39635	0.928909
958	10.5112	1.22382
959	22.3899	1.04006
960	13.4816	1.21339
961	11.6083	1.13272
962	20.3687	0.904676
963	16.9913	0.980337
964	8.79854	1.0088
965	21.795	0.892805
966	23.9806	0.55353
967	17.2228	1.11689
968	10.0573	1.04095
969	12.5244	1.35947
970	21.8125	0.995828
972	25.8932	0.761197
973	21.8078	0.871438
975	7.64308	1.38592
977	0.987313	1.30801
978	21.4616	0.811272
979	24.4351	0.820745
980	11.8847	0.990915
982	8.68001	1.22535
985	2.18737	1.94446
986	16.8447	0.944004
987	27.8597	0.778864
988	19.1971	0.915368
989	10.3126	1.08533
990	22.6804	0.655997
991	24.8384	1.19816
993	6.07204	1.6015
994	23.9024	0.782229
995	18.485	0.977716
996	2.39397	1.97833
997	7.51051	1.11258
998	22.5635	0.788251
999	20.6997	0.77786
1000	9.5314	1.45851
1001	9.39141	1.12093
1002	19.3935	1.04468
1004	25.1257	0.742745
1005	10.8826	0.955357
1006	21.1055	0.759218
1007	25.2319	0.950891
1008	12.7296	0.915227
1009	10.7467	0.960066
1010	24.2178	0.704981
1011	18.7839	0.63893
1012	16.1137	0.883944
1014	18.4447	1.00097
1015	19.4478	1.00238
1016	23.7997	0.700886
1018	3.16526	2.53528
1019	17.1168	1.20513
1020	22.9863	1.05312
1022	22.0977	0.942309
1023	7.26586	1.2068
1024	22.0643	0.874825
1025	3.2516	2.4335
1026	10.9275	0.99423
1027	19.3748	1.06221
1028	14.6598	0.936942
1029	17.2019	1.67502
1031	2.57168	1.78245
1033	23.5618	0.762464
1034	21.339	1.00613
1035	12.9124	1.19398
1036	14.1415	1.07596
1037	19.4312	0.718299
1038	20.2322	1.05509
1039	17.6052	0.839877
1040	17.6063	0.982919
1041	10.9218	0.981953
1043	7.87842	1.11877
1044	22.2235	0.79097
1046	20.6111	0.795325
1047	14.2337	0.78675
1048	9.96446	1.01536
1049	21.5217	1.02157
1050	21.2737	0.713124
1051	27.3239	0.85493
1052	23.3886	0.73284
1053	25.7524	0.732535
1054	16.9862	1.42553
1055	10.3071	1.14186
1056	15.8744	0.924956
1058	11.1907	0.904113
1059	3.53765	2.69146
1060	23.695	0.925541
1063	7.7211	1.09596
1064	24.7824	0.968091
1066	9.03241	1.27672
1067	8.43956	1.20143
1068	26.6119	0.713669
1069	8.81417	1.08865
1070	10.669	1.29816
1071	22.4987	0.987681
1072	15.6683	0.920763
1073	30.508	0.701203
1075	10.2827	1.20746
1076	2.28928	1.97677
1077	16.6621	0.840585
1078	25.4471	1.37636
1079	14.7868	1.28407
1080	27.2449	0.663896
1081	17.3297	1.17433
1082	23.1016	0.995837
1083	13.4232	1.31407
1084	21.545	0.876648
1085	2.96042	2.04594
1086	16.703	0.923797
1088	21.7786	1.08273
1089	17.9393	1.03695
1090	21.8152	0.716928
1092	28.767	0.511684
1093	28.5749	0.556609
1094	13.8235	1.07772
1095	16.8021	0.937584
1096	23.5174	0.772583
1097	26.0879	0.753539
1098	20.8	0.893311
1099	16.0889	0.912559
1100	8.91969	1.34885
1101	11.2111	1.0334
