-7.718750000000e-003	3.11960e+000
-7.708350000000e-003	3.05930e+000
-7.697950000000e-003	3.05930e+000
-7.687550000000e-003	3.03920e+000
-7.677150000000e-003	3.01910e+000
-7.666750000000e-003	2.97889e+000
-7.656350000000e-003	2.97889e+000
-7.645950000000e-003	2.95879e+000
-7.635550000000e-003	2.93869e+000
-7.625150000000e-003	2.91859e+000
-7.614750000000e-003	2.89849e+000
-7.604350000000e-003	2.91859e+000
-7.593950000000e-003	2.89849e+000
-7.583550000000e-003	2.91859e+000
-7.573150000000e-003	2.87839e+000
-7.562750000000e-003	2.87839e+000
-7.552350000000e-003	2.87839e+000
-7.541950000000e-003	2.87839e+000
-7.531550000000e-003	2.85829e+000
-7.521150000000e-003	2.85829e+000
-7.510750000000e-003	2.85829e+000
-7.500350000000e-003	2.85829e+000
-7.489950000000e-003	2.87839e+000
-7.479550000000e-003	2.85829e+000
-7.469150000000e-003	2.87839e+000
-7.458750000000e-003	2.89849e+000
-7.448350000000e-003	2.85829e+000
-7.437950000000e-003	2.87839e+000
-7.427550000000e-003	2.87839e+000
-7.417150000000e-003	2.87839e+000
-7.406750000000e-003	2.89849e+000
-7.396350000000e-003	2.89849e+000
-7.385950000000e-003	2.89849e+000
-7.375550000000e-003	2.91859e+000
-7.365150000000e-003	2.89849e+000
-7.354750000000e-003	2.91859e+000
-7.344350000000e-003	2.91859e+000
-7.333950000000e-003	2.97889e+000
-7.323550000000e-003	2.97889e+000
-7.313150000000e-003	2.99900e+000
-7.302750000000e-003	3.01910e+000
-7.292350000000e-003	3.01910e+000
-7.281950000000e-003	3.03920e+000
-7.271550000000e-003	3.05930e+000
-7.261150000000e-003	3.09950e+000
-7.250750000000e-003	3.09950e+000
-7.240350000000e-003	3.13970e+000
-7.229950000000e-003	3.13970e+000
-7.219550000000e-003	3.17990e+000
-7.209150000000e-003	3.22010e+000
-7.198750000000e-003	3.24020e+000
-7.188350000000e-003	3.28040e+000
-7.177950000000e-003	3.32060e+000
-7.167550000000e-003	3.36080e+000
-7.157150000000e-003	3.40101e+000
-7.146750000000e-003	3.46131e+000
-7.136350000000e-003	3.48141e+000
-7.125950000000e-003	3.56181e+000
-7.115550000000e-003	3.60201e+000
-7.105150000000e-003	3.66231e+000
-7.094750000000e-003	3.72261e+000
-7.084350000000e-003	3.78291e+000
-7.073950000000e-003	3.84322e+000
-7.063550000000e-003	3.88342e+000
-7.053150000000e-003	3.94372e+000
-7.042750000000e-003	4.02412e+000
-7.032350000000e-003	4.06432e+000
-7.021950000000e-003	4.14472e+000
-7.011550000000e-003	4.18492e+000
-7.001150000000e-003	4.24523e+000
-6.990750000000e-003	4.28543e+000
-6.980350000000e-003	4.34573e+000
-6.969950000000e-003	4.36583e+000
-6.959550000000e-003	4.40603e+000
-6.949150000000e-003	4.46633e+000
-6.938750000000e-003	4.48643e+000
-6.928350000000e-003	4.52663e+000
-6.917950000000e-003	4.54673e+000
-6.907550000000e-003	4.58693e+000
-6.897150000000e-003	4.56683e+000
-6.886750000000e-003	4.58693e+000
-6.876350000000e-003	4.58693e+000
-6.865950000000e-003	4.56683e+000
-6.855550000000e-003	4.54673e+000
-6.845150000000e-003	4.50653e+000
-6.834750000000e-003	4.52663e+000
-6.824350000000e-003	4.46633e+000
-6.813950000000e-003	4.44623e+000
-6.803550000000e-003	4.40603e+000
-6.793150000000e-003	4.36583e+000
-6.782750000000e-003	4.32563e+000
-6.772350000000e-003	4.26533e+000
-6.761950000000e-003	4.22513e+000
-6.751550000000e-003	4.16482e+000
-6.741150000000e-003	4.08442e+000
-6.730750000000e-003	4.02412e+000
-6.720350000000e-003	3.98392e+000
-6.709950000000e-003	3.92362e+000
-6.699550000000e-003	3.86332e+000
-6.689150000000e-003	3.80302e+000
-6.678750000000e-003	3.74271e+000
-6.668350000000e-003	3.68241e+000
-6.657950000000e-003	3.64221e+000
-6.647550000000e-003	3.58191e+000
-6.637150000000e-003	3.54171e+000
-6.626750000000e-003	3.46131e+000
-6.616350000000e-003	3.42111e+000
-6.605950000000e-003	3.38090e+000
-6.595550000000e-003	3.34070e+000
-6.585150000000e-003	3.30050e+000
-6.574750000000e-003	3.26030e+000
-6.564350000000e-003	3.20000e+000
-6.553950000000e-003	3.20000e+000
-6.543550000000e-003	3.15980e+000
-6.533150000000e-003	3.15980e+000
-6.522750000000e-003	3.07940e+000
-6.512350000000e-003	3.05930e+000
-6.501950000000e-003	3.01910e+000
-6.491550000000e-003	3.01910e+000
-6.481150000000e-003	2.99900e+000
-6.470750000000e-003	2.95879e+000
-6.460350000000e-003	2.99900e+000
-6.449950000000e-003	2.93869e+000
-6.439550000000e-003	2.93869e+000
-6.429150000000e-003	2.91859e+000
-6.418750000000e-003	2.91859e+000
-6.408350000000e-003	2.89849e+000
-6.397950000000e-003	2.87839e+000
-6.387550000000e-003	2.89849e+000
-6.377150000000e-003	2.87839e+000
-6.366750000000e-003	2.87839e+000
-6.356350000000e-003	2.85829e+000
-6.345950000000e-003	2.87839e+000
-6.335550000000e-003	2.87839e+000
-6.325150000000e-003	2.83819e+000
-6.314750000000e-003	2.83819e+000
-6.304350000000e-003	2.85829e+000
-6.293950000000e-003	2.87839e+000
-6.283550000000e-003	2.85829e+000
-6.273150000000e-003	2.87839e+000
-6.262750000000e-003	2.85829e+000
-6.252350000000e-003	2.87839e+000
-6.241950000000e-003	2.87839e+000
-6.231550000000e-003	2.91859e+000
-6.221150000000e-003	2.89849e+000
-6.210750000000e-003	2.89849e+000
-6.200350000000e-003	2.91859e+000
-6.189950000000e-003	2.91859e+000
-6.179550000000e-003	2.93869e+000
-6.169150000000e-003	2.93869e+000
-6.158750000000e-003	2.97889e+000
-6.148350000000e-003	2.99900e+000
-6.137950000000e-003	2.97889e+000
-6.127550000000e-003	2.97889e+000
-6.117150000000e-003	3.03920e+000
-6.106750000000e-003	3.03920e+000
-6.096350000000e-003	3.05930e+000
-6.085950000000e-003	3.07940e+000
-6.075550000000e-003	3.09950e+000
-6.065150000000e-003	3.13970e+000
-6.054750000000e-003	3.15980e+000
-6.044350000000e-003	3.15980e+000
-6.033950000000e-003	3.22010e+000
-6.023550000000e-003	3.24020e+000
-6.013150000000e-003	3.28040e+000
-6.002750000000e-003	3.32060e+000
-5.992350000000e-003	3.36080e+000
-5.981950000000e-003	3.38090e+000
-5.971550000000e-003	3.44121e+000
-5.961150000000e-003	3.50151e+000
-5.950750000000e-003	3.56181e+000
-5.940350000000e-003	3.58191e+000
-5.929950000000e-003	3.68241e+000
-5.919550000000e-003	3.70251e+000
-5.909150000000e-003	3.74271e+000
-5.898750000000e-003	3.84322e+000
-5.888350000000e-003	3.88342e+000
-5.877950000000e-003	3.92362e+000
-5.867550000000e-003	3.98392e+000
-5.857150000000e-003	4.02412e+000
-5.846750000000e-003	4.10452e+000
-5.836350000000e-003	4.14472e+000
-5.825950000000e-003	4.18492e+000
-5.815550000000e-003	4.24523e+000
-5.805150000000e-003	4.34573e+000
-5.794750000000e-003	4.36583e+000
-5.784350000000e-003	4.38593e+000
-5.773950000000e-003	4.44623e+000
-5.763550000000e-003	4.48643e+000
-5.753150000000e-003	4.52663e+000
-5.742750000000e-003	4.52663e+000
-5.732350000000e-003	4.54673e+000
-5.721950000000e-003	4.58693e+000
-5.711550000000e-003	4.54673e+000
-5.701150000000e-003	4.60704e+000
-5.690750000000e-003	4.58693e+000
-5.680350000000e-003	4.58693e+000
-5.669950000000e-003	4.54673e+000
-5.659550000000e-003	4.50653e+000
-5.649150000000e-003	4.50653e+000
-5.638750000000e-003	4.48643e+000
-5.628350000000e-003	4.44623e+000
-5.617950000000e-003	4.40603e+000
-5.607550000000e-003	4.36583e+000
-5.597150000000e-003	4.32563e+000
-5.586750000000e-003	4.26533e+000
-5.576350000000e-003	4.24523e+000
-5.565950000000e-003	4.18492e+000
-5.555550000000e-003	4.12462e+000
-5.545150000000e-003	4.06432e+000
-5.534750000000e-003	4.00402e+000
-5.524350000000e-003	3.94372e+000
-5.513950000000e-003	3.88342e+000
-5.503550000000e-003	3.84322e+000
-5.493150000000e-003	3.78291e+000
-5.482750000000e-003	3.72261e+000
-5.472350000000e-003	3.66231e+000
-5.461950000000e-003	3.62211e+000
-5.451550000000e-003	3.56181e+000
-5.441150000000e-003	3.48141e+000
-5.430750000000e-003	3.46131e+000
-5.420350000000e-003	3.42111e+000
-5.409950000000e-003	3.36080e+000
-5.399550000000e-003	3.32060e+000
-5.389150000000e-003	3.28040e+000
-5.378750000000e-003	3.26030e+000
-5.368350000000e-003	3.22010e+000
-5.357950000000e-003	3.15980e+000
-5.347550000000e-003	3.13970e+000
-5.337150000000e-003	3.11960e+000
-5.326750000000e-003	3.07940e+000
-5.316350000000e-003	3.05930e+000
-5.305950000000e-003	3.05930e+000
-5.295550000000e-003	2.99900e+000
-5.285150000000e-003	2.99900e+000
-5.274750000000e-003	2.97889e+000
-5.264350000000e-003	2.95879e+000
-5.253950000000e-003	2.93869e+000
-5.243550000000e-003	2.95879e+000
-5.233150000000e-003	2.91859e+000
-5.222750000000e-003	2.89849e+000
-5.212350000000e-003	2.89849e+000
-5.201950000000e-003	2.89849e+000
-5.191550000000e-003	2.89849e+000
-5.181150000000e-003	2.87839e+000
-5.170750000000e-003	2.87839e+000
-5.160350000000e-003	2.87839e+000
-5.149950000000e-003	2.83819e+000
-5.139550000000e-003	2.87839e+000
-5.129150000000e-003	2.83819e+000
-5.118750000000e-003	2.85829e+000
-5.108350000000e-003	2.87839e+000
-5.097950000000e-003	2.87839e+000
-5.087550000000e-003	2.87839e+000
-5.077150000000e-003	2.85829e+000
-5.066750000000e-003	2.83819e+000
-5.056350000000e-003	2.85829e+000
-5.045950000000e-003	2.87839e+000
-5.035550000000e-003	2.85829e+000
-5.025150000000e-003	2.89849e+000
-5.014750000000e-003	2.89849e+000
-5.004350000000e-003	2.91859e+000
-4.993950000000e-003	2.91859e+000
-4.983550000000e-003	2.91859e+000
-4.973150000000e-003	2.93869e+000
-4.962750000000e-003	2.95879e+000
-4.952350000000e-003	2.95879e+000
-4.941950000000e-003	2.97889e+000
-4.931550000000e-003	2.97889e+000
-4.921150000000e-003	3.03920e+000
-4.910750000000e-003	3.01910e+000
-4.900350000000e-003	3.07940e+000
-4.889950000000e-003	3.11960e+000
-4.879550000000e-003	3.13970e+000
-4.869150000000e-003	3.15980e+000
-4.858750000000e-003	3.22010e+000
-4.848350000000e-003	3.20000e+000
-4.837950000000e-003	3.24020e+000
-4.827550000000e-003	3.28040e+000
-4.817150000000e-003	3.30050e+000
-4.806750000000e-003	3.38090e+000
-4.796350000000e-003	3.42111e+000
-4.785950000000e-003	3.42111e+000
-4.775550000000e-003	3.48141e+000
-4.765150000000e-003	3.56181e+000
-4.754750000000e-003	3.56181e+000
-4.744350000000e-003	3.64221e+000
-4.733950000000e-003	3.68241e+000
-4.723550000000e-003	3.72261e+000
-4.713150000000e-003	3.78291e+000
-4.702750000000e-003	3.84322e+000
-4.692350000000e-003	3.88342e+000
-4.681950000000e-003	3.96382e+000
-4.671550000000e-003	4.00402e+000
-4.661150000000e-003	4.04422e+000
-4.650750000000e-003	4.12462e+000
-4.640350000000e-003	4.16482e+000
-4.629950000000e-003	4.24523e+000
-4.619550000000e-003	4.26533e+000
-4.609150000000e-003	4.32563e+000
-4.598750000000e-003	4.36583e+000
-4.588350000000e-003	4.44623e+000
-4.577950000000e-003	4.46633e+000
-4.567550000000e-003	4.48643e+000
-4.557150000000e-003	4.52663e+000
-4.546750000000e-003	4.54673e+000
-4.536350000000e-003	4.54673e+000
-4.525950000000e-003	4.58693e+000
-4.515550000000e-003	4.56683e+000
-4.505150000000e-003	4.56683e+000
-4.494750000000e-003	4.56683e+000
-4.484350000000e-003	4.56683e+000
-4.473950000000e-003	4.56683e+000
-4.463550000000e-003	4.54673e+000
-4.453150000000e-003	4.48643e+000
-4.442750000000e-003	4.48643e+000
-4.432350000000e-003	4.46633e+000
-4.421950000000e-003	4.42613e+000
-4.411550000000e-003	4.42613e+000
-4.401150000000e-003	4.38593e+000
-4.390750000000e-003	4.38593e+000
-4.380350000000e-003	4.38593e+000
-4.369950000000e-003	4.40603e+000
-4.359550000000e-003	4.40603e+000
-4.349150000000e-003	4.38593e+000
-4.338750000000e-003	4.36583e+000
-4.328350000000e-003	4.36583e+000
-4.317950000000e-003	4.38593e+000
-4.307550000000e-003	4.36583e+000
-4.297150000000e-003	4.38593e+000
-4.286750000000e-003	4.40603e+000
-4.276350000000e-003	4.40603e+000
-4.265950000000e-003	4.42613e+000
-4.255550000000e-003	4.42613e+000
-4.245150000000e-003	4.44623e+000
-4.234750000000e-003	4.42613e+000
-4.224350000000e-003	4.46633e+000
-4.213950000000e-003	4.44623e+000
-4.203550000000e-003	4.46633e+000
-4.193150000000e-003	4.46633e+000
-4.182750000000e-003	4.48643e+000
-4.172350000000e-003	4.46633e+000
-4.161950000000e-003	4.50653e+000
-4.151550000000e-003	4.48643e+000
-4.141150000000e-003	4.50653e+000
-4.130750000000e-003	4.54673e+000
-4.120350000000e-003	4.52663e+000
-4.109950000000e-003	4.54673e+000
-4.099550000000e-003	4.54673e+000
-4.089150000000e-003	4.54673e+000
-4.078750000000e-003	4.56683e+000
-4.068350000000e-003	4.54673e+000
-4.057950000000e-003	4.56683e+000
-4.047550000000e-003	4.58693e+000
-4.037150000000e-003	4.58693e+000
-4.026750000000e-003	4.58693e+000
-4.016350000000e-003	4.58693e+000
-4.005950000000e-003	4.56683e+000
-3.995550000000e-003	4.56683e+000
-3.985150000000e-003	4.58693e+000
-3.974750000000e-003	4.56683e+000
-3.964350000000e-003	4.58693e+000
-3.953950000000e-003	4.56683e+000
-3.943550000000e-003	4.56683e+000
-3.933150000000e-003	4.56683e+000
-3.922750000000e-003	4.52663e+000
-3.912350000000e-003	4.54673e+000
-3.901950000000e-003	4.54673e+000
-3.891550000000e-003	4.54673e+000
-3.881150000000e-003	4.52663e+000
-3.870750000000e-003	4.50653e+000
-3.860350000000e-003	4.48643e+000
-3.849950000000e-003	4.46633e+000
-3.839550000000e-003	4.46633e+000
-3.829150000000e-003	4.42613e+000
-3.818750000000e-003	4.42613e+000
-3.808350000000e-003	4.40603e+000
-3.797950000000e-003	4.40603e+000
-3.787550000000e-003	4.34573e+000
-3.777150000000e-003	4.36583e+000
-3.766750000000e-003	4.32563e+000
-3.756350000000e-003	4.32563e+000
-3.745950000000e-003	4.30553e+000
-3.735550000000e-003	4.30553e+000
-3.725150000000e-003	4.24523e+000
-3.714750000000e-003	4.22513e+000
-3.704350000000e-003	4.22513e+000
-3.693950000000e-003	4.20503e+000
-3.683550000000e-003	4.16482e+000
-3.673150000000e-003	4.16482e+000
-3.662750000000e-003	4.12462e+000
-3.652350000000e-003	4.08442e+000
-3.641950000000e-003	4.06432e+000
-3.631550000000e-003	4.04422e+000
-3.621150000000e-003	4.02412e+000
-3.610750000000e-003	4.00402e+000
-3.600350000000e-003	3.98392e+000
-3.589950000000e-003	3.98392e+000
-3.579550000000e-003	3.94372e+000
-3.569150000000e-003	3.92362e+000
-3.558750000000e-003	3.92362e+000
-3.548350000000e-003	3.86332e+000
-3.537950000000e-003	3.82312e+000
-3.527550000000e-003	3.82312e+000
-3.517150000000e-003	3.78291e+000
-3.506750000000e-003	3.74271e+000
-3.496350000000e-003	3.72261e+000
-3.485950000000e-003	3.70251e+000
-3.475550000000e-003	3.66231e+000
-3.465150000000e-003	3.62211e+000
-3.454750000000e-003	3.60201e+000
-3.444350000000e-003	3.56181e+000
-3.433950000000e-003	3.54171e+000
-3.423550000000e-003	3.52161e+000
-3.413150000000e-003	3.50151e+000
-3.402750000000e-003	3.44121e+000
-3.392350000000e-003	3.44121e+000
-3.381950000000e-003	3.42111e+000
-3.371550000000e-003	3.38090e+000
-3.361150000000e-003	3.36080e+000
-3.350750000000e-003	3.36080e+000
-3.340350000000e-003	3.34070e+000
-3.329950000000e-003	3.32060e+000
-3.319550000000e-003	3.30050e+000
-3.309150000000e-003	3.28040e+000
-3.298750000000e-003	3.28040e+000
-3.288350000000e-003	3.24020e+000
-3.277950000000e-003	3.26030e+000
-3.267550000000e-003	3.22010e+000
-3.257150000000e-003	3.22010e+000
-3.246750000000e-003	3.17990e+000
-3.236350000000e-003	3.17990e+000
-3.225950000000e-003	3.15980e+000
-3.215550000000e-003	3.11960e+000
-3.205150000000e-003	3.13970e+000
-3.194750000000e-003	3.13970e+000
-3.184350000000e-003	3.09950e+000
-3.173950000000e-003	3.09950e+000
-3.163550000000e-003	3.07940e+000
-3.153150000000e-003	3.07940e+000
-3.142750000000e-003	3.07940e+000
-3.132350000000e-003	3.03920e+000
-3.121950000000e-003	3.03920e+000
-3.111550000000e-003	3.03920e+000
-3.101150000000e-003	3.01910e+000
-3.090750000000e-003	3.03920e+000
-3.080350000000e-003	3.03920e+000
-3.069950000000e-003	2.99900e+000
-3.059550000000e-003	2.97889e+000
-3.049150000000e-003	2.99900e+000
-3.038750000000e-003	2.99900e+000
-3.028350000000e-003	2.99900e+000
-3.017950000000e-003	2.97889e+000
-3.007550000000e-003	2.97889e+000
-2.997150000000e-003	2.97889e+000
-2.986750000000e-003	2.97889e+000
-2.976350000000e-003	2.93869e+000
-2.965950000000e-003	2.95879e+000
-2.955550000000e-003	2.95879e+000
-2.945150000000e-003	2.93869e+000
-2.934750000000e-003	2.91859e+000
-2.924350000000e-003	2.93869e+000
-2.913950000000e-003	2.91859e+000
-2.903550000000e-003	2.91859e+000
-2.893150000000e-003	2.91859e+000
-2.882750000000e-003	2.91859e+000
-2.872350000000e-003	2.91859e+000
-2.861950000000e-003	2.89849e+000
-2.851550000000e-003	2.87839e+000
-2.841150000000e-003	2.89849e+000
-2.830750000000e-003	2.89849e+000
-2.820350000000e-003	2.91859e+000
-2.809950000000e-003	2.89849e+000
-2.799550000000e-003	2.89849e+000
-2.789150000000e-003	2.89849e+000
-2.778750000000e-003	2.89849e+000
-2.768350000000e-003	2.89849e+000
-2.757950000000e-003	2.87839e+000
-2.747550000000e-003	2.87839e+000
-2.737150000000e-003	2.89849e+000
-2.726750000000e-003	2.87839e+000
-2.716350000000e-003	2.85829e+000
-2.705950000000e-003	2.85829e+000
-2.695550000000e-003	2.87839e+000
-2.685150000000e-003	2.85829e+000
-2.674750000000e-003	2.87839e+000
-2.664350000000e-003	2.87839e+000
-2.653950000000e-003	2.85829e+000
-2.643550000000e-003	2.87839e+000
-2.633150000000e-003	2.85829e+000
-2.622750000000e-003	2.87839e+000
-2.612350000000e-003	2.85829e+000
-2.601950000000e-003	2.85829e+000
-2.591550000000e-003	2.85829e+000
-2.581150000000e-003	2.85829e+000
-2.570750000000e-003	2.85829e+000
-2.560350000000e-003	2.87839e+000
-2.549950000000e-003	2.85829e+000
-2.539550000000e-003	2.85829e+000
-2.529150000000e-003	2.85829e+000
-2.518750000000e-003	2.87839e+000
-2.508350000000e-003	2.87839e+000
-2.497950000000e-003	2.85829e+000
-2.487550000000e-003	2.85829e+000
-2.477150000000e-003	2.85829e+000
-2.466750000000e-003	2.85829e+000
-2.456350000000e-003	2.87839e+000
-2.445950000000e-003	2.85829e+000
-2.435550000000e-003	2.85829e+000
-2.425150000000e-003	2.85829e+000
-2.414750000000e-003	2.89849e+000
-2.404350000000e-003	2.85829e+000
-2.393950000000e-003	2.87839e+000
-2.383550000000e-003	2.87839e+000
-2.373150000000e-003	2.89849e+000
-2.362750000000e-003	2.89849e+000
-2.352350000000e-003	2.87839e+000
-2.341950000000e-003	2.91859e+000
-2.331550000000e-003	2.89849e+000
-2.321150000000e-003	2.91859e+000
-2.310750000000e-003	2.89849e+000
-2.300350000000e-003	2.89849e+000
-2.289950000000e-003	2.89849e+000
-2.279550000000e-003	2.89849e+000
-2.269150000000e-003	2.89849e+000
-2.258750000000e-003	2.93869e+000
-2.248350000000e-003	2.91859e+000
-2.237950000000e-003	2.95879e+000
-2.227550000000e-003	2.93869e+000
-2.217150000000e-003	2.93869e+000
-2.206750000000e-003	2.93869e+000
-2.196350000000e-003	2.93869e+000
-2.185950000000e-003	2.93869e+000
-2.175550000000e-003	2.97889e+000
-2.165150000000e-003	2.99900e+000
-2.154750000000e-003	2.99900e+000
-2.144350000000e-003	2.99900e+000
-2.133950000000e-003	2.99900e+000
-2.123550000000e-003	3.01910e+000
-2.113150000000e-003	3.01910e+000
-2.102750000000e-003	3.01910e+000
-2.092350000000e-003	3.03920e+000
-2.081950000000e-003	3.01910e+000
-2.071550000000e-003	3.03920e+000
-2.061150000000e-003	3.03920e+000
-2.050750000000e-003	3.09950e+000
-2.040350000000e-003	3.05930e+000
-2.029950000000e-003	3.09950e+000
-2.019550000000e-003	3.11960e+000
-2.009150000000e-003	3.09950e+000
-1.998750000000e-003	3.13970e+000
-1.988350000000e-003	3.13970e+000
-1.977950000000e-003	3.11960e+000
-1.967550000000e-003	3.11960e+000
-1.957150000000e-003	3.13970e+000
-1.946750000000e-003	3.13970e+000
-1.936350000000e-003	3.15980e+000
-1.925950000000e-003	3.17990e+000
-1.915550000000e-003	3.17990e+000
-1.905150000000e-003	3.17990e+000
-1.894750000000e-003	3.17990e+000
-1.884350000000e-003	3.20000e+000
-1.873950000000e-003	3.20000e+000
-1.863550000000e-003	3.26030e+000
-1.853150000000e-003	3.26030e+000
-1.842750000000e-003	3.28040e+000
-1.832350000000e-003	3.28040e+000
-1.821950000000e-003	3.28040e+000
-1.811550000000e-003	3.30050e+000
-1.801150000000e-003	3.32060e+000
-1.790750000000e-003	3.34070e+000
-1.780350000000e-003	3.32060e+000
-1.769950000000e-003	3.34070e+000
-1.759550000000e-003	3.38090e+000
-1.749150000000e-003	3.38090e+000
-1.738750000000e-003	3.42111e+000
-1.728350000000e-003	3.42111e+000
-1.717950000000e-003	3.44121e+000
-1.707550000000e-003	3.46131e+000
-1.697150000000e-003	3.48141e+000
-1.686750000000e-003	3.50151e+000
-1.676350000000e-003	3.50151e+000
-1.665950000000e-003	3.54171e+000
-1.655550000000e-003	3.56181e+000
-1.645150000000e-003	3.56181e+000
-1.634750000000e-003	3.60201e+000
-1.624350000000e-003	3.62211e+000
-1.613950000000e-003	3.62211e+000
-1.603550000000e-003	3.66231e+000
-1.593150000000e-003	3.68241e+000
-1.582750000000e-003	3.70251e+000
-1.572350000000e-003	3.70251e+000
-1.561950000000e-003	3.74271e+000
-1.551550000000e-003	3.74271e+000
-1.541150000000e-003	3.76281e+000
-1.530750000000e-003	3.78291e+000
-1.520350000000e-003	3.80302e+000
-1.509950000000e-003	3.80302e+000
-1.499550000000e-003	3.84322e+000
-1.489150000000e-003	3.86332e+000
-1.478750000000e-003	3.88342e+000
-1.468350000000e-003	3.88342e+000
-1.457950000000e-003	3.90352e+000
-1.447550000000e-003	3.90352e+000
-1.437150000000e-003	3.94372e+000
-1.426750000000e-003	3.96382e+000
-1.416350000000e-003	3.98392e+000
-1.405950000000e-003	4.00402e+000
-1.395550000000e-003	4.00402e+000
-1.385150000000e-003	4.04422e+000
-1.374750000000e-003	4.08442e+000
-1.364350000000e-003	4.10452e+000
-1.353950000000e-003	4.12462e+000
-1.343550000000e-003	4.14472e+000
-1.333150000000e-003	4.14472e+000
-1.322750000000e-003	4.16482e+000
-1.312350000000e-003	4.22513e+000
-1.301950000000e-003	4.22513e+000
-1.291550000000e-003	4.24523e+000
-1.281150000000e-003	4.26533e+000
-1.270750000000e-003	4.30553e+000
-1.260350000000e-003	4.32563e+000
-1.249950000000e-003	4.34573e+000
-1.239550000000e-003	4.34573e+000
-1.229150000000e-003	4.36583e+000
-1.218750000000e-003	4.36583e+000
-1.208350000000e-003	4.42613e+000
-1.197950000000e-003	4.40603e+000
-1.187550000000e-003	4.44623e+000
-1.177150000000e-003	4.46633e+000
-1.166750000000e-003	4.44623e+000
-1.156350000000e-003	4.48643e+000
-1.145950000000e-003	4.48643e+000
-1.135550000000e-003	4.50653e+000
-1.125150000000e-003	4.48643e+000
-1.114750000000e-003	4.52663e+000
-1.104350000000e-003	4.54673e+000
-1.093950000000e-003	4.52663e+000
-1.083550000000e-003	4.54673e+000
-1.073150000000e-003	4.56683e+000
-1.062750000000e-003	4.56683e+000
-1.052350000000e-003	4.56683e+000
-1.041950000000e-003	4.58693e+000
-1.031550000000e-003	4.56683e+000
-1.021150000000e-003	4.58693e+000
-1.010750000000e-003	4.56683e+000
-1.000350000000e-003	4.58693e+000
-9.899500000000e-004	4.58693e+000
-9.795500000000e-004	4.56683e+000
-9.691500000000e-004	4.58693e+000
-9.587500000000e-004	4.56683e+000
-9.483500000000e-004	4.56683e+000
-9.379500000000e-004	4.54673e+000
-9.275500000000e-004	4.54673e+000
-9.171500000000e-004	4.56683e+000
-9.067500000000e-004	4.54673e+000
-8.963500000000e-004	4.56683e+000
-8.859500000000e-004	4.54673e+000
-8.755500000000e-004	4.54673e+000
-8.651500000000e-004	4.52663e+000
-8.547500000000e-004	4.52663e+000
-8.443500000000e-004	4.50653e+000
-8.339500000000e-004	4.50653e+000
-8.235500000000e-004	4.48643e+000
-8.131500000000e-004	4.48643e+000
-8.027500000000e-004	4.48643e+000
-7.923500000000e-004	4.46633e+000
-7.819500000000e-004	4.40603e+000
-7.715500000000e-004	4.40603e+000
-7.611500000000e-004	4.38593e+000
-7.507500000000e-004	4.36583e+000
-7.403500000000e-004	4.36583e+000
-7.299500000000e-004	4.34573e+000
-7.195500000000e-004	4.32563e+000
-7.091500000000e-004	4.28543e+000
-6.987500000000e-004	4.28543e+000
-6.883500000000e-004	4.24523e+000
-6.779500000000e-004	4.26533e+000
-6.675500000000e-004	4.22513e+000
-6.571500000000e-004	4.22513e+000
-6.467500000000e-004	4.18492e+000
-6.363500000000e-004	4.16482e+000
-6.259500000000e-004	4.16482e+000
-6.155500000000e-004	4.10452e+000
-6.051500000000e-004	4.10452e+000
-5.947500000000e-004	4.08442e+000
-5.843500000000e-004	4.06432e+000
-5.739500000000e-004	4.04422e+000
-5.635500000000e-004	4.00402e+000
-5.531500000000e-004	4.02412e+000
-5.427500000000e-004	3.98392e+000
-5.323500000000e-004	3.94372e+000
-5.219500000000e-004	3.90352e+000
-5.115500000000e-004	3.86332e+000
-5.011500000000e-004	3.86332e+000
-4.907500000000e-004	3.82312e+000
-4.803500000000e-004	3.80302e+000
-4.699500000000e-004	3.76281e+000
-4.595500000000e-004	3.74271e+000
-4.491500000000e-004	3.72261e+000
-4.387500000000e-004	3.70251e+000
-4.283500000000e-004	3.68241e+000
-4.179500000000e-004	3.64221e+000
-4.075500000000e-004	3.66231e+000
-3.971500000000e-004	3.60201e+000
-3.867500000000e-004	3.60201e+000
-3.763500000000e-004	3.60201e+000
-3.659500000000e-004	3.54171e+000
-3.555500000000e-004	3.50151e+000
-3.451500000000e-004	3.52161e+000
-3.347500000000e-004	3.50151e+000
-3.243500000000e-004	3.44121e+000
-3.139500000000e-004	3.44121e+000
-3.035500000000e-004	3.44121e+000
-2.931500000000e-004	3.42111e+000
-2.827500000000e-004	3.38090e+000
-2.723500000000e-004	3.38090e+000
-2.619500000000e-004	3.36080e+000
-2.515500000000e-004	3.34070e+000
-2.411500000000e-004	3.32060e+000
-2.307500000000e-004	3.30050e+000
-2.203500000000e-004	3.28040e+000
-2.099500000000e-004	3.30050e+000
-1.995500000000e-004	3.28040e+000
-1.891500000000e-004	3.24020e+000
-1.787500000000e-004	3.24020e+000
-1.683500000000e-004	3.22010e+000
-1.579500000000e-004	3.22010e+000
-1.475500000000e-004	3.20000e+000
-1.371500000000e-004	3.22010e+000
-1.267500000000e-004	3.20000e+000
-1.163500000000e-004	3.13970e+000
-1.059500000000e-004	3.17990e+000
-9.555000000000e-005	3.15980e+000
-8.515000000000e-005	3.15980e+000
-7.475000000000e-005	3.13970e+000
-6.435000000000e-005	3.11960e+000
-5.395000000000e-005	3.11960e+000
-4.355000000000e-005	3.09950e+000
-3.315000000000e-005	3.09950e+000
-2.275000000000e-005	3.09950e+000
-1.235000000000e-005	3.07940e+000
-1.950000000001e-006	3.07940e+000
8.449999999999e-006	3.07940e+000
1.885000000000e-005	3.05930e+000
2.925000000000e-005	3.05930e+000
3.965000000000e-005	3.05930e+000
5.005000000000e-005	3.05930e+000
6.045000000000e-005	3.01910e+000
7.085000000000e-005	3.03920e+000
8.125000000000e-005	3.01910e+000
9.165000000000e-005	3.01910e+000
1.020500000000e-004	2.99900e+000
1.124500000000e-004	2.97889e+000
1.228500000000e-004	2.97889e+000
1.332500000000e-004	2.95879e+000
1.436500000000e-004	2.95879e+000
1.540500000000e-004	2.97889e+000
1.644500000000e-004	2.95879e+000
1.748500000000e-004	2.93869e+000
1.852500000000e-004	2.93869e+000
1.956500000000e-004	2.93869e+000
2.060500000000e-004	2.91859e+000
2.164500000000e-004	2.93869e+000
2.268500000000e-004	2.95879e+000
2.372500000000e-004	2.89849e+000
2.476500000000e-004	2.91859e+000
2.580500000000e-004	2.93869e+000
2.684500000000e-004	2.89849e+000
2.788500000000e-004	2.91859e+000
2.892500000000e-004	2.91859e+000
2.996500000000e-004	2.91859e+000
3.100500000000e-004	2.89849e+000
3.204500000000e-004	2.87839e+000
3.308500000000e-004	2.89849e+000
3.412500000000e-004	2.89849e+000
3.516500000000e-004	2.89849e+000
3.620500000000e-004	2.87839e+000
3.724500000000e-004	2.89849e+000
3.828500000000e-004	2.85829e+000
3.932500000000e-004	2.87839e+000
4.036500000000e-004	2.85829e+000
4.140500000000e-004	2.89849e+000
4.244500000000e-004	2.87839e+000
4.348500000000e-004	2.89849e+000
4.452500000000e-004	2.87839e+000
4.556500000000e-004	2.83819e+000
4.660500000000e-004	2.85829e+000
4.764500000000e-004	2.87839e+000
4.868500000000e-004	2.85829e+000
4.972500000000e-004	2.85829e+000
5.076500000000e-004	2.87839e+000
5.180500000000e-004	2.85829e+000
5.284500000000e-004	2.85829e+000
5.388500000000e-004	2.85829e+000
5.492500000000e-004	2.85829e+000
5.596500000000e-004	2.87839e+000
5.700500000000e-004	2.85829e+000
5.804500000000e-004	2.85829e+000
5.908500000000e-004	2.87839e+000
6.012500000000e-004	2.85829e+000
6.116500000000e-004	2.83819e+000
6.220500000000e-004	2.85829e+000
6.324500000000e-004	2.85829e+000
6.428500000000e-004	2.87839e+000
6.532500000000e-004	2.87839e+000
6.636500000000e-004	2.87839e+000
6.740500000000e-004	2.83819e+000
6.844500000000e-004	2.85829e+000
6.948500000000e-004	2.85829e+000
7.052500000000e-004	2.87839e+000
7.156500000000e-004	2.85829e+000
7.260500000000e-004	2.89849e+000
7.364500000000e-004	2.87839e+000
7.468500000000e-004	2.87839e+000
7.572500000000e-004	2.89849e+000
7.676500000000e-004	2.87839e+000
7.780500000000e-004	2.89849e+000
7.884500000000e-004	2.89849e+000
7.988500000000e-004	2.89849e+000
8.092500000000e-004	2.89849e+000
8.196500000000e-004	2.93869e+000
8.300500000000e-004	2.91859e+000
8.404500000000e-004	2.95879e+000
8.508500000000e-004	2.95879e+000
8.612500000000e-004	2.95879e+000
8.716500000000e-004	2.93869e+000
8.820500000000e-004	2.95879e+000
8.924500000000e-004	2.97889e+000
9.028500000000e-004	2.95879e+000
9.132500000000e-004	2.95879e+000
9.236500000000e-004	2.97889e+000
9.340500000000e-004	2.97889e+000
9.444500000000e-004	3.01910e+000
9.548500000000e-004	2.97889e+000
9.652500000000e-004	3.03920e+000
9.756500000000e-004	3.01910e+000
9.860500000000e-004	3.03920e+000
9.964500000000e-004	3.03920e+000
1.006850000000e-003	3.03920e+000
1.017250000000e-003	3.03920e+000
1.027650000000e-003	3.05930e+000
1.038050000000e-003	3.09950e+000
1.048450000000e-003	3.09950e+000
1.058850000000e-003	3.09950e+000
1.069250000000e-003	3.09950e+000
1.079650000000e-003	3.13970e+000
1.090050000000e-003	3.13970e+000
1.100450000000e-003	3.13970e+000
1.110850000000e-003	3.13970e+000
1.121250000000e-003	3.15980e+000
1.131650000000e-003	3.17990e+000
1.142050000000e-003	3.15980e+000
1.152450000000e-003	3.17990e+000
1.162850000000e-003	3.20000e+000
1.173250000000e-003	3.17990e+000
1.183650000000e-003	3.22010e+000
1.194050000000e-003	3.24020e+000
1.204450000000e-003	3.24020e+000
1.214850000000e-003	3.28040e+000
1.225250000000e-003	3.28040e+000
1.235650000000e-003	3.28040e+000
1.246050000000e-003	3.32060e+000
1.256450000000e-003	3.30050e+000
1.266850000000e-003	3.32060e+000
1.277250000000e-003	3.38090e+000
1.287650000000e-003	3.40101e+000
1.298050000000e-003	3.42111e+000
1.308450000000e-003	3.42111e+000
1.318850000000e-003	3.46131e+000
1.329250000000e-003	3.50151e+000
1.339650000000e-003	3.52161e+000
1.350050000000e-003	3.54171e+000
1.360450000000e-003	3.56181e+000
1.370850000000e-003	3.56181e+000
1.381250000000e-003	3.62211e+000
1.391650000000e-003	3.60201e+000
1.402050000000e-003	3.66231e+000
1.412450000000e-003	3.68241e+000
1.422850000000e-003	3.70251e+000
1.433250000000e-003	3.74271e+000
1.443650000000e-003	3.78291e+000
1.454050000000e-003	3.82312e+000
1.464450000000e-003	3.84322e+000
1.474850000000e-003	3.86332e+000
1.485250000000e-003	3.94372e+000
1.495650000000e-003	3.94372e+000
1.506050000000e-003	3.98392e+000
1.516450000000e-003	3.98392e+000
1.526850000000e-003	4.02412e+000
1.537250000000e-003	4.04422e+000
1.547650000000e-003	4.06432e+000
1.558050000000e-003	4.10452e+000
1.568450000000e-003	4.14472e+000
1.578850000000e-003	4.16482e+000
1.589250000000e-003	4.16482e+000
1.599650000000e-003	4.20503e+000
1.610050000000e-003	4.24523e+000
1.620450000000e-003	4.24523e+000
1.630850000000e-003	4.26533e+000
1.641250000000e-003	4.30553e+000
1.651650000000e-003	4.30553e+000
1.662050000000e-003	4.32563e+000
1.672450000000e-003	4.36583e+000
1.682850000000e-003	4.38593e+000
1.693250000000e-003	4.36583e+000
1.703650000000e-003	4.40603e+000
1.714050000000e-003	4.40603e+000
1.724450000000e-003	4.46633e+000
1.734850000000e-003	4.46633e+000
1.745250000000e-003	4.44623e+000
1.755650000000e-003	4.46633e+000
1.766050000000e-003	4.48643e+000
1.776450000000e-003	4.50653e+000
1.786850000000e-003	4.50653e+000
1.797250000000e-003	4.50653e+000
1.807650000000e-003	4.52663e+000
1.818050000000e-003	4.50653e+000
1.828450000000e-003	4.54673e+000
1.838850000000e-003	4.54673e+000
1.849250000000e-003	4.56683e+000
1.859650000000e-003	4.58693e+000
1.870050000000e-003	4.54673e+000
1.880450000000e-003	4.56683e+000
1.890850000000e-003	4.58693e+000
1.901250000000e-003	4.58693e+000
1.911650000000e-003	4.56683e+000
1.922050000000e-003	4.56683e+000
1.932450000000e-003	4.58693e+000
1.942850000000e-003	4.58693e+000
1.953250000000e-003	4.58693e+000
1.963650000000e-003	4.56683e+000
1.974050000000e-003	4.54673e+000
1.984450000000e-003	4.56683e+000
1.994850000000e-003	4.58693e+000
2.005250000000e-003	4.58693e+000
2.015650000000e-003	4.56683e+000
2.026050000000e-003	4.56683e+000
2.036450000000e-003	4.52663e+000
2.046850000000e-003	4.52663e+000
2.057250000000e-003	4.52663e+000
2.067650000000e-003	4.50653e+000
2.078050000000e-003	4.48643e+000
2.088450000000e-003	4.46633e+000
2.098850000000e-003	4.46633e+000
2.109250000000e-003	4.44623e+000
2.119650000000e-003	4.44623e+000
2.130050000000e-003	4.42613e+000
2.140450000000e-003	4.38593e+000
2.150850000000e-003	4.36583e+000
2.161250000000e-003	4.34573e+000
2.171650000000e-003	4.34573e+000
2.182050000000e-003	4.30553e+000
2.192450000000e-003	4.30553e+000
2.202850000000e-003	4.28543e+000
2.213250000000e-003	4.26533e+000
2.223650000000e-003	4.22513e+000
2.234050000000e-003	4.20503e+000
2.244450000000e-003	4.20503e+000
2.254850000000e-003	4.20503e+000
2.265250000000e-003	4.14472e+000
2.275650000000e-003	4.12462e+000
2.286050000000e-003	4.10452e+000
2.296450000000e-003	4.08442e+000
2.306850000000e-003	4.06432e+000
2.317250000000e-003	4.02412e+000
2.327650000000e-003	4.02412e+000
2.338050000000e-003	3.98392e+000
2.348450000000e-003	3.94372e+000
2.358850000000e-003	3.94372e+000
2.369250000000e-003	3.88342e+000
2.379650000000e-003	3.90352e+000
2.390050000000e-003	3.82312e+000
2.400450000000e-003	3.82312e+000
2.410850000000e-003	3.82312e+000
2.421250000000e-003	3.78291e+000
2.431650000000e-003	3.78291e+000
2.442050000000e-003	3.72261e+000
2.452450000000e-003	3.74271e+000
2.462850000000e-003	3.68241e+000
2.473250000000e-003	3.70251e+000
2.483650000000e-003	3.64221e+000
2.494050000000e-003	3.64221e+000
2.504450000000e-003	3.62211e+000
2.514850000000e-003	3.60201e+000
2.525250000000e-003	3.58191e+000
2.535650000000e-003	3.52161e+000
2.546050000000e-003	3.52161e+000
2.556450000000e-003	3.50151e+000
2.566850000000e-003	3.46131e+000
2.577250000000e-003	3.46131e+000
2.587650000000e-003	3.46131e+000
2.598050000000e-003	3.42111e+000
2.608450000000e-003	3.40101e+000
2.618850000000e-003	3.42111e+000
2.629250000000e-003	3.38090e+000
2.639650000000e-003	3.34070e+000
2.650050000000e-003	3.34070e+000
2.660450000000e-003	3.32060e+000
2.670850000000e-003	3.34070e+000
2.681250000000e-003	3.30050e+000
2.691650000000e-003	3.26030e+000
2.702050000000e-003	3.26030e+000
2.712450000000e-003	3.26030e+000
2.722850000000e-003	3.24020e+000
2.733250000000e-003	3.24020e+000
2.743650000000e-003	3.22010e+000
2.754050000000e-003	3.17990e+000
2.764450000000e-003	3.20000e+000
2.774850000000e-003	3.15980e+000
2.785250000000e-003	3.13970e+000
2.795650000000e-003	3.11960e+000
2.806050000000e-003	3.11960e+000
2.816450000000e-003	3.11960e+000
2.826850000000e-003	3.09950e+000
2.837250000000e-003	3.09950e+000
2.847650000000e-003	3.07940e+000
2.858050000000e-003	3.05930e+000
2.868450000000e-003	3.05930e+000
2.878850000000e-003	3.05930e+000
2.889250000000e-003	3.05930e+000
2.899650000000e-003	3.01910e+000
2.910050000000e-003	3.01910e+000
2.920450000000e-003	3.03920e+000
2.930850000000e-003	3.01910e+000
2.941250000000e-003	2.99900e+000
2.951650000000e-003	2.99900e+000
2.962050000000e-003	2.99900e+000
2.972450000000e-003	2.99900e+000
2.982850000000e-003	2.97889e+000
2.993250000000e-003	2.99900e+000
3.003650000000e-003	2.97889e+000
3.014050000000e-003	2.97889e+000
3.024450000000e-003	2.95879e+000
3.034850000000e-003	2.93869e+000
3.045250000000e-003	2.97889e+000
3.055650000000e-003	2.93869e+000
3.066050000000e-003	2.95879e+000
3.076450000000e-003	2.95879e+000
3.086850000000e-003	2.93869e+000
3.097250000000e-003	2.91859e+000
3.107650000000e-003	2.93869e+000
3.118050000000e-003	2.91859e+000
3.128450000000e-003	2.93869e+000
3.138850000000e-003	2.91859e+000
3.149250000000e-003	2.91859e+000
3.159650000000e-003	2.93869e+000
3.170050000000e-003	2.89849e+000
3.180450000000e-003	2.91859e+000
3.190850000000e-003	2.91859e+000
3.201250000000e-003	2.89849e+000
3.211650000000e-003	2.89849e+000
3.222050000000e-003	2.91859e+000
3.232450000000e-003	2.89849e+000
3.242850000000e-003	2.89849e+000
3.253250000000e-003	2.89849e+000
3.263650000000e-003	2.89849e+000
3.274050000000e-003	2.89849e+000
3.284450000000e-003	2.87839e+000
3.294850000000e-003	2.87839e+000
3.305250000000e-003	2.87839e+000
3.315650000000e-003	2.85829e+000
3.326050000000e-003	2.89849e+000
3.336450000000e-003	2.85829e+000
3.346850000000e-003	2.85829e+000
3.357250000000e-003	2.85829e+000
3.367650000000e-003	2.83819e+000
3.378050000000e-003	2.83819e+000
3.388450000000e-003	2.85829e+000
3.398850000000e-003	2.85829e+000
3.409250000000e-003	2.83819e+000
3.419650000000e-003	2.85829e+000
3.430050000000e-003	2.85829e+000
3.440450000000e-003	2.85829e+000
3.450850000000e-003	2.85829e+000
3.461250000000e-003	2.85829e+000
3.471650000000e-003	2.83819e+000
3.482050000000e-003	2.85829e+000
3.492450000000e-003	2.85829e+000
3.502850000000e-003	2.85829e+000
3.513250000000e-003	2.85829e+000
3.523650000000e-003	2.87839e+000
3.534050000000e-003	2.87839e+000
3.544450000000e-003	2.85829e+000
3.554850000000e-003	2.85829e+000
3.565250000000e-003	2.87839e+000
3.575650000000e-003	2.87839e+000
3.586050000000e-003	2.85829e+000
3.596450000000e-003	2.87839e+000
3.606850000000e-003	2.85829e+000
3.617250000000e-003	2.89849e+000
3.627650000000e-003	2.89849e+000
3.638050000000e-003	2.89849e+000
3.648450000000e-003	2.87839e+000
3.658850000000e-003	2.87839e+000
3.669250000000e-003	2.91859e+000
3.679650000000e-003	2.89849e+000
3.690050000000e-003	2.93869e+000
3.700450000000e-003	2.91859e+000
3.710850000000e-003	2.93869e+000
3.721250000000e-003	2.93869e+000
3.731650000000e-003	2.95879e+000
3.742050000000e-003	2.95879e+000
3.752450000000e-003	2.95879e+000
3.762850000000e-003	2.93869e+000
3.773250000000e-003	2.95879e+000
3.783650000000e-003	2.95879e+000
3.794050000000e-003	2.95879e+000
3.804450000000e-003	2.97889e+000
3.814850000000e-003	2.99900e+000
3.825250000000e-003	2.95879e+000
3.835650000000e-003	2.99900e+000
3.846050000000e-003	3.01910e+000
3.856450000000e-003	3.01910e+000
3.866850000000e-003	3.01910e+000
3.877250000000e-003	3.01910e+000
3.887650000000e-003	3.05930e+000
3.898050000000e-003	3.01910e+000
3.908450000000e-003	3.03920e+000
3.918850000000e-003	3.05930e+000
3.929250000000e-003	3.07940e+000
3.939650000000e-003	3.05930e+000
3.950050000000e-003	3.05930e+000
3.960450000000e-003	3.09950e+000
3.970850000000e-003	3.09950e+000
3.981250000000e-003	3.11960e+000
3.991650000000e-003	3.11960e+000
4.002050000000e-003	3.13970e+000
4.012450000000e-003	3.11960e+000
4.022850000000e-003	3.15980e+000
4.033250000000e-003	3.15980e+000
4.043650000000e-003	3.17990e+000
4.054050000000e-003	3.15980e+000
4.064450000000e-003	3.17990e+000
4.074850000000e-003	3.17990e+000
4.085250000000e-003	3.22010e+000
4.095650000000e-003	3.24020e+000
4.106050000000e-003	3.24020e+000
4.116450000000e-003	3.26030e+000
4.126850000000e-003	3.26030e+000
4.137250000000e-003	3.32060e+000
4.147650000000e-003	3.30050e+000
4.158050000000e-003	3.32060e+000
4.168450000000e-003	3.32060e+000
4.178850000000e-003	3.36080e+000
4.189250000000e-003	3.38090e+000
4.199650000000e-003	3.40101e+000
4.210050000000e-003	3.40101e+000
4.220450000000e-003	3.42111e+000
4.230850000000e-003	3.46131e+000
4.241250000000e-003	3.46131e+000
4.251650000000e-003	3.50151e+000
4.262050000000e-003	3.50151e+000
4.272450000000e-003	3.52161e+000
4.282850000000e-003	3.56181e+000
4.293250000000e-003	3.58191e+000
4.303650000000e-003	3.58191e+000
4.314050000000e-003	3.60201e+000
4.324450000000e-003	3.66231e+000
4.334850000000e-003	3.66231e+000
4.345250000000e-003	3.70251e+000
4.355650000000e-003	3.70251e+000
4.366050000000e-003	3.74271e+000
4.376450000000e-003	3.74271e+000
4.386850000000e-003	3.78291e+000
4.397250000000e-003	3.78291e+000
4.407650000000e-003	3.82312e+000
4.418050000000e-003	3.82312e+000
4.428450000000e-003	3.86332e+000
4.438850000000e-003	3.88342e+000
4.449250000000e-003	3.92362e+000
4.459650000000e-003	3.94372e+000
4.470050000000e-003	3.96382e+000
4.480450000000e-003	3.98392e+000
4.490850000000e-003	4.00402e+000
4.501250000000e-003	4.02412e+000
4.511650000000e-003	4.06432e+000
4.522050000000e-003	4.06432e+000
4.532450000000e-003	4.10452e+000
4.542850000000e-003	4.12462e+000
4.553250000000e-003	4.14472e+000
4.563650000000e-003	4.16482e+000
4.574050000000e-003	4.22513e+000
4.584450000000e-003	4.22513e+000
4.594850000000e-003	4.22513e+000
4.605250000000e-003	4.28543e+000
4.615650000000e-003	4.30553e+000
4.626050000000e-003	4.30553e+000
4.636450000000e-003	4.32563e+000
4.646850000000e-003	4.38593e+000
4.657250000000e-003	4.36583e+000
4.667650000000e-003	4.40603e+000
4.678050000000e-003	4.40603e+000
4.688450000000e-003	4.44623e+000
4.698850000000e-003	4.44623e+000
4.709250000000e-003	4.42613e+000
4.719650000000e-003	4.44623e+000
4.730050000000e-003	4.48643e+000
4.740450000000e-003	4.48643e+000
4.750850000000e-003	4.50653e+000
4.761250000000e-003	4.52663e+000
4.771650000000e-003	4.54673e+000
4.782050000000e-003	4.54673e+000
4.792450000000e-003	4.54673e+000
4.802850000000e-003	4.56683e+000
4.813250000000e-003	4.56683e+000
4.823650000000e-003	4.58693e+000
4.834050000000e-003	4.56683e+000
4.844450000000e-003	4.56683e+000
4.854850000000e-003	4.56683e+000
4.865250000000e-003	4.58693e+000
4.875650000000e-003	4.58693e+000
4.886050000000e-003	4.60704e+000
4.896450000000e-003	4.58693e+000
4.906850000000e-003	4.58693e+000
4.917250000000e-003	4.56683e+000
4.927650000000e-003	4.58693e+000
4.938050000000e-003	4.58693e+000
4.948450000000e-003	4.56683e+000
4.958850000000e-003	4.54673e+000
4.969250000000e-003	4.58693e+000
4.979650000000e-003	4.56683e+000
4.990050000000e-003	4.54673e+000
5.000450000000e-003	4.52663e+000
5.010850000000e-003	4.52663e+000
5.021250000000e-003	4.48643e+000
5.031650000000e-003	4.50653e+000
5.042050000000e-003	4.48643e+000
5.052450000000e-003	4.46633e+000
5.062850000000e-003	4.44623e+000
5.073250000000e-003	4.42613e+000
5.083650000000e-003	4.42613e+000
5.094050000000e-003	4.40603e+000
5.104450000000e-003	4.38593e+000
5.114850000000e-003	4.38593e+000
5.125250000000e-003	4.36583e+000
5.135650000000e-003	4.36583e+000
5.146050000000e-003	4.34573e+000
5.156450000000e-003	4.30553e+000
5.166850000000e-003	4.30553e+000
5.177250000000e-003	4.26533e+000
5.187650000000e-003	4.26533e+000
5.198050000000e-003	4.26533e+000
5.208450000000e-003	4.22513e+000
5.218850000000e-003	4.18492e+000
5.229250000000e-003	4.18492e+000
5.239650000000e-003	4.16482e+000
5.250050000000e-003	4.14472e+000
5.260450000000e-003	4.12462e+000
5.270850000000e-003	4.10452e+000
5.281250000000e-003	4.06432e+000
5.291650000000e-003	4.06432e+000
5.302050000000e-003	4.00402e+000
5.312450000000e-003	4.00402e+000
5.322850000000e-003	4.02412e+000
5.333250000000e-003	3.96382e+000
5.343650000000e-003	3.96382e+000
5.354050000000e-003	3.92362e+000
5.364450000000e-003	3.92362e+000
5.374850000000e-003	3.88342e+000
5.385250000000e-003	3.84322e+000
5.395650000000e-003	3.84322e+000
5.406050000000e-003	3.82312e+000
5.416450000000e-003	3.78291e+000
5.426850000000e-003	3.76281e+000
5.437250000000e-003	3.72261e+000
5.447650000000e-003	3.70251e+000
5.458050000000e-003	3.66231e+000
5.468450000000e-003	3.66231e+000
5.478850000000e-003	3.64221e+000
5.489250000000e-003	3.66231e+000
5.499650000000e-003	3.58191e+000
5.510050000000e-003	3.58191e+000
5.520450000000e-003	3.52161e+000
5.530850000000e-003	3.52161e+000
5.541250000000e-003	3.48141e+000
5.551650000000e-003	3.48141e+000
5.562050000000e-003	3.46131e+000
5.572450000000e-003	3.44121e+000
5.582850000000e-003	3.42111e+000
5.593250000000e-003	3.42111e+000
5.603650000000e-003	3.40101e+000
5.614050000000e-003	3.36080e+000
5.624450000000e-003	3.34070e+000
5.634850000000e-003	3.32060e+000
5.645250000000e-003	3.32060e+000
5.655650000000e-003	3.28040e+000
5.666050000000e-003	3.26030e+000
5.676450000000e-003	3.26030e+000
5.686850000000e-003	3.26030e+000
5.697250000000e-003	3.22010e+000
5.707650000000e-003	3.24020e+000
5.718050000000e-003	3.17990e+000
5.728450000000e-003	3.17990e+000
5.738850000000e-003	3.20000e+000
5.749250000000e-003	3.17990e+000
5.759650000000e-003	3.17990e+000
5.770050000000e-003	3.17990e+000
5.780450000000e-003	3.15980e+000
5.790850000000e-003	3.15980e+000
5.801250000000e-003	3.13970e+000
5.811650000000e-003	3.13970e+000
5.822050000000e-003	3.11960e+000
5.832450000000e-003	3.11960e+000
5.842850000000e-003	3.07940e+000
5.853250000000e-003	3.05930e+000
5.863650000000e-003	3.07940e+000
5.874050000000e-003	3.05930e+000
5.884450000000e-003	3.05930e+000
5.894850000000e-003	3.05930e+000
5.905250000000e-003	3.03920e+000
5.915650000000e-003	3.03920e+000
5.926050000000e-003	3.01910e+000
5.936450000000e-003	3.03920e+000
5.946850000000e-003	2.99900e+000
5.957250000000e-003	2.99900e+000
5.967650000000e-003	2.99900e+000
5.978050000000e-003	2.95879e+000
5.988450000000e-003	2.97889e+000
5.998850000000e-003	2.97889e+000
6.009250000000e-003	2.97889e+000
6.019650000000e-003	2.97889e+000
6.030050000000e-003	2.95879e+000
6.040450000000e-003	2.95879e+000
6.050850000000e-003	2.95879e+000
6.061250000000e-003	2.93869e+000
6.071650000000e-003	2.97889e+000
6.082050000000e-003	2.93869e+000
6.092450000000e-003	2.95879e+000
6.102850000000e-003	2.93869e+000
6.113250000000e-003	2.91859e+000
6.123650000000e-003	2.93869e+000
6.134050000000e-003	2.91859e+000
6.144450000000e-003	2.91859e+000
6.154850000000e-003	2.91859e+000
6.165250000000e-003	2.91859e+000
6.175650000000e-003	2.91859e+000
6.186050000000e-003	2.91859e+000
6.196450000000e-003	2.89849e+000
6.206850000000e-003	2.89849e+000
6.217250000000e-003	2.89849e+000
6.227650000000e-003	2.89849e+000
6.238050000000e-003	2.87839e+000
6.248450000000e-003	2.87839e+000
6.258850000000e-003	2.89849e+000
6.269250000000e-003	2.87839e+000
6.279650000000e-003	2.87839e+000
6.290050000000e-003	2.85829e+000
6.300450000000e-003	2.89849e+000
6.310850000000e-003	2.87839e+000
6.321250000000e-003	2.87839e+000
6.331650000000e-003	2.87839e+000
6.342050000000e-003	2.87839e+000
6.352450000000e-003	2.85829e+000
6.362850000000e-003	2.85829e+000
6.373250000000e-003	2.87839e+000
6.383650000000e-003	2.85829e+000
6.394050000000e-003	2.85829e+000
6.404450000000e-003	2.83819e+000
6.414850000000e-003	2.87839e+000
6.425250000000e-003	2.87839e+000
6.435650000000e-003	2.85829e+000
6.446050000000e-003	2.85829e+000
6.456450000000e-003	2.87839e+000
6.466850000000e-003	2.87839e+000
6.477250000000e-003	2.87839e+000
6.487650000000e-003	2.87839e+000
6.498050000000e-003	2.85829e+000
6.508450000000e-003	2.85829e+000
6.518850000000e-003	2.85829e+000
6.529250000000e-003	2.85829e+000
6.539650000000e-003	2.87839e+000
6.550050000000e-003	2.87839e+000
6.560450000000e-003	2.85829e+000
6.570850000000e-003	2.85829e+000
6.581250000000e-003	2.85829e+000
6.591650000000e-003	2.87839e+000
6.602050000000e-003	2.87839e+000
6.612450000000e-003	2.85829e+000
6.622850000000e-003	2.85829e+000
6.633250000000e-003	2.85829e+000
6.643650000000e-003	2.85829e+000
6.654050000000e-003	2.87839e+000
6.664450000000e-003	2.87839e+000
6.674850000000e-003	2.85829e+000
6.685250000000e-003	2.87839e+000
6.695650000000e-003	2.85829e+000
6.706050000000e-003	2.87839e+000
6.716450000000e-003	2.87839e+000
6.726850000000e-003	2.85829e+000
6.737250000000e-003	2.89849e+000
6.747650000000e-003	2.89849e+000
6.758050000000e-003	2.89849e+000
6.768450000000e-003	2.89849e+000
6.778850000000e-003	2.89849e+000
6.789250000000e-003	2.89849e+000
6.799650000000e-003	2.93869e+000
6.810050000000e-003	2.91859e+000
6.820450000000e-003	2.91859e+000
6.830850000000e-003	2.91859e+000
6.841250000000e-003	2.95879e+000
6.851650000000e-003	2.93869e+000
6.862050000000e-003	2.93869e+000
6.872450000000e-003	2.95879e+000
6.882850000000e-003	2.95879e+000
6.893250000000e-003	2.95879e+000
6.903650000000e-003	2.95879e+000
6.914050000000e-003	2.93869e+000
6.924450000000e-003	2.95879e+000
6.934850000000e-003	2.95879e+000
6.945250000000e-003	2.97889e+000
6.955650000000e-003	2.99900e+000
6.966050000000e-003	2.97889e+000
6.976450000000e-003	2.99900e+000
6.986850000000e-003	2.99900e+000
6.997250000000e-003	3.01910e+000
7.007650000000e-003	3.01910e+000
7.018050000000e-003	3.01910e+000
7.028450000000e-003	3.05930e+000
7.038850000000e-003	3.05930e+000
7.049250000000e-003	3.05930e+000
7.059650000000e-003	3.07940e+000
7.070050000000e-003	3.09950e+000
7.080450000000e-003	3.09950e+000
7.090850000000e-003	3.09950e+000
7.101250000000e-003	3.11960e+000
7.111650000000e-003	3.13970e+000
7.122050000000e-003	3.11960e+000
7.132450000000e-003	3.13970e+000
7.142850000000e-003	3.13970e+000
7.153250000000e-003	3.20000e+000
7.163650000000e-003	3.17990e+000
7.174050000000e-003	3.17990e+000
7.184450000000e-003	3.22010e+000
7.194850000000e-003	3.22010e+000
7.205250000000e-003	3.22010e+000
7.215650000000e-003	3.24020e+000
7.226050000000e-003	3.28040e+000
7.236450000000e-003	3.28040e+000
7.246850000000e-003	3.30050e+000
7.257250000000e-003	3.32060e+000
7.267650000000e-003	3.34070e+000
7.278050000000e-003	3.36080e+000
7.288450000000e-003	3.40101e+000
7.298850000000e-003	3.38090e+000
7.309250000000e-003	3.44121e+000
7.319650000000e-003	3.46131e+000
7.330050000000e-003	3.46131e+000
7.340450000000e-003	3.50151e+000
7.350850000000e-003	3.52161e+000
7.361250000000e-003	3.54171e+000
7.371650000000e-003	3.52161e+000
7.382050000000e-003	3.50151e+000
7.392450000000e-003	3.50151e+000
7.402850000000e-003	3.48141e+000
7.413250000000e-003	3.48141e+000
7.423650000000e-003	3.46131e+000
7.434050000000e-003	3.44121e+000
7.444450000000e-003	3.42111e+000
7.454850000000e-003	3.40101e+000
7.465250000000e-003	3.36080e+000
7.475650000000e-003	3.36080e+000
7.486050000000e-003	3.34070e+000
7.496450000000e-003	3.28040e+000
7.506850000000e-003	3.28040e+000
7.517250000000e-003	3.26030e+000
7.527650000000e-003	3.20000e+000
7.538050000000e-003	3.15980e+000
7.548450000000e-003	3.13970e+000
7.558850000000e-003	3.13970e+000
7.569250000000e-003	3.11960e+000
7.579650000000e-003	3.11960e+000
7.590050000000e-003	3.07940e+000
7.600450000000e-003	3.03920e+000
7.610850000000e-003	3.03920e+000
7.621250000000e-003	2.97889e+000
7.631650000000e-003	2.97889e+000
7.642050000000e-003	2.97889e+000
7.652450000000e-003	2.93869e+000
7.662850000000e-003	2.93869e+000
7.673250000000e-003	2.91859e+000
7.683650000000e-003	2.91859e+000
7.694050000000e-003	2.93869e+000
7.704450000000e-003	2.89849e+000
7.714850000000e-003	2.91859e+000
7.725250000000e-003	2.89849e+000
7.735650000000e-003	2.87839e+000
7.746050000000e-003	2.89849e+000
7.756450000000e-003	2.87839e+000
7.766850000000e-003	2.87839e+000
7.777250000000e-003	2.85829e+000
7.787650000000e-003	2.83819e+000
7.798050000000e-003	2.87839e+000
7.808450000000e-003	2.87839e+000
7.818850000000e-003	2.85829e+000
7.829250000000e-003	2.85829e+000
7.839650000000e-003	2.85829e+000
7.850050000000e-003	2.83819e+000
7.860450000000e-003	2.85829e+000
7.870850000000e-003	2.87839e+000
7.881250000000e-003	2.87839e+000
7.891650000000e-003	2.87839e+000
7.902050000000e-003	2.89849e+000
7.912450000000e-003	2.87839e+000
7.922850000000e-003	2.89849e+000
7.933250000000e-003	2.91859e+000
7.943650000000e-003	2.91859e+000
7.954050000000e-003	2.89849e+000
7.964450000000e-003	2.93869e+000
7.974850000000e-003	2.95879e+000
7.985250000000e-003	2.95879e+000
7.995650000000e-003	2.93869e+000
8.006050000000e-003	2.97889e+000
8.016450000000e-003	2.97889e+000
8.026850000000e-003	3.03920e+000
8.037250000000e-003	3.01910e+000
8.047650000000e-003	3.03920e+000
8.058050000000e-003	3.07940e+000
8.068450000000e-003	3.09950e+000
8.078850000000e-003	3.09950e+000
8.089250000000e-003	3.13970e+000
8.099650000000e-003	3.15980e+000
8.110050000000e-003	3.20000e+000
8.120450000000e-003	3.22010e+000
8.130850000000e-003	3.28040e+000
8.141250000000e-003	3.32060e+000
8.151650000000e-003	3.34070e+000
8.162050000000e-003	3.40101e+000
8.172450000000e-003	3.40101e+000
8.182850000000e-003	3.48141e+000
8.193250000000e-003	3.52161e+000
8.203650000000e-003	3.56181e+000
8.214050000000e-003	3.60201e+000
8.224450000000e-003	3.70251e+000
8.234850000000e-003	3.74271e+000
8.245250000000e-003	3.80302e+000
8.255650000000e-003	3.84322e+000
8.266050000000e-003	3.88342e+000
8.276450000000e-003	3.98392e+000
8.286850000000e-003	4.02412e+000
8.297250000000e-003	4.06432e+000
8.307650000000e-003	4.14472e+000
8.318050000000e-003	4.18492e+000
8.328450000000e-003	4.22513e+000
8.338850000000e-003	4.28543e+000
8.349250000000e-003	4.32563e+000
8.359650000000e-003	4.34573e+000
8.370050000000e-003	4.40603e+000
8.380450000000e-003	4.42613e+000
8.390850000000e-003	4.48643e+000
8.401250000000e-003	4.50653e+000
8.411650000000e-003	4.52663e+000
8.422050000000e-003	4.54673e+000
8.432450000000e-003	4.58693e+000
8.442850000000e-003	4.56683e+000
8.453250000000e-003	4.58693e+000
8.463650000000e-003	4.56683e+000
8.474050000000e-003	4.58693e+000
8.484450000000e-003	4.54673e+000
8.494850000000e-003	4.56683e+000
8.505250000000e-003	4.54673e+000
8.515650000000e-003	4.50653e+000
8.526050000000e-003	4.50653e+000
8.536450000000e-003	4.48643e+000
8.546850000000e-003	4.42613e+000
8.557250000000e-003	4.38593e+000
8.567650000000e-003	4.36583e+000
8.578050000000e-003	4.32563e+000
8.588450000000e-003	4.30553e+000
8.598850000000e-003	4.22513e+000
8.609250000000e-003	4.16482e+000
8.619650000000e-003	4.14472e+000
8.630050000000e-003	4.08442e+000
8.640450000000e-003	4.02412e+000
8.650850000000e-003	3.98392e+000
8.661250000000e-003	3.92362e+000
8.671650000000e-003	3.88342e+000
8.682050000000e-003	3.82312e+000
8.692450000000e-003	3.78291e+000
8.702850000000e-003	3.72261e+000
8.713250000000e-003	3.66231e+000
8.723650000000e-003	3.62211e+000
8.734050000000e-003	3.58191e+000
8.744450000000e-003	3.52161e+000
8.754850000000e-003	3.50151e+000
8.765250000000e-003	3.42111e+000
8.775650000000e-003	3.38090e+000
8.786050000000e-003	3.32060e+000
8.796450000000e-003	3.30050e+000
8.806850000000e-003	3.28040e+000
8.817250000000e-003	3.22010e+000
8.827650000000e-003	3.20000e+000
8.838050000000e-003	3.13970e+000
8.848450000000e-003	3.13970e+000
8.858850000000e-003	3.09950e+000
8.869250000000e-003	3.05930e+000
8.879650000000e-003	3.03920e+000
8.890050000000e-003	3.03920e+000
8.900450000000e-003	2.99900e+000
8.910850000000e-003	2.97889e+000
8.921250000000e-003	2.93869e+000
8.931650000000e-003	2.93869e+000
8.942050000000e-003	2.91859e+000
8.952450000000e-003	2.91859e+000
8.962850000000e-003	2.91859e+000
8.973250000000e-003	2.87839e+000
8.983650000000e-003	2.89849e+000
8.994050000000e-003	2.87839e+000
9.004450000000e-003	2.89849e+000
9.014850000000e-003	2.85829e+000
9.025250000000e-003	2.87839e+000
9.035650000000e-003	2.85829e+000
9.046050000000e-003	2.85829e+000
9.056450000000e-003	2.87839e+000
9.066850000000e-003	2.89849e+000
9.077250000000e-003	2.85829e+000
9.087650000000e-003	2.89849e+000
9.098050000000e-003	2.85829e+000
9.108450000000e-003	2.87839e+000
9.118850000000e-003	2.87839e+000
9.129250000000e-003	2.87839e+000
9.139650000000e-003	2.87839e+000
9.150050000000e-003	2.89849e+000
9.160450000000e-003	2.89849e+000
9.170850000000e-003	2.89849e+000
9.181250000000e-003	2.93869e+000
9.191650000000e-003	2.91859e+000
9.202050000000e-003	2.91859e+000
9.212450000000e-003	2.93869e+000
9.222850000000e-003	2.97889e+000
9.233250000000e-003	2.99900e+000
9.243650000000e-003	2.99900e+000
9.254050000000e-003	2.97889e+000
9.264450000000e-003	3.01910e+000
9.274850000000e-003	3.01910e+000
9.285250000000e-003	3.03920e+000
9.295650000000e-003	3.09950e+000
9.306050000000e-003	3.09950e+000
9.316450000000e-003	3.15980e+000
9.326850000000e-003	3.17990e+000
9.337250000000e-003	3.20000e+000
9.347650000000e-003	3.22010e+000
9.358050000000e-003	3.26030e+000
9.368450000000e-003	3.28040e+000
9.378850000000e-003	3.32060e+000
9.389250000000e-003	3.34070e+000
9.399650000000e-003	3.42111e+000
9.410050000000e-003	3.44121e+000
9.420450000000e-003	3.50151e+000
9.430850000000e-003	3.52161e+000
9.441250000000e-003	3.58191e+000
9.451650000000e-003	3.64221e+000
9.462050000000e-003	3.70251e+000
9.472450000000e-003	3.76281e+000
9.482850000000e-003	3.82312e+000
9.493250000000e-003	3.86332e+000
9.503650000000e-003	3.92362e+000
9.514050000000e-003	4.00402e+000
9.524450000000e-003	4.06432e+000
9.534850000000e-003	4.08442e+000
9.545250000000e-003	4.16482e+000
9.555650000000e-003	4.22513e+000
9.566050000000e-003	4.26533e+000
9.576450000000e-003	4.30553e+000
9.586850000000e-003	4.34573e+000
9.597250000000e-003	4.40603e+000
9.607650000000e-003	4.44623e+000
9.618050000000e-003	4.48643e+000
9.628450000000e-003	4.50653e+000
9.638850000000e-003	4.52663e+000
9.649250000000e-003	4.54673e+000
9.659650000000e-003	4.56683e+000
9.670050000000e-003	4.56683e+000
9.680450000000e-003	4.56683e+000
9.690850000000e-003	4.58693e+000
9.701250000000e-003	4.56683e+000
9.711650000000e-003	4.56683e+000
9.722050000000e-003	4.54673e+000
9.732450000000e-003	4.50653e+000
9.742850000000e-003	4.50653e+000
9.753250000000e-003	4.46633e+000
9.763650000000e-003	4.42613e+000
9.774050000000e-003	4.36583e+000
9.784450000000e-003	4.34573e+000
9.794850000000e-003	4.28543e+000
9.805250000000e-003	4.22513e+000
9.815650000000e-003	4.14472e+000
9.826050000000e-003	4.10452e+000
9.836450000000e-003	4.06432e+000
9.846850000000e-003	4.00402e+000
9.857250000000e-003	3.96382e+000
9.867650000000e-003	3.88342e+000
9.878050000000e-003	3.80302e+000
9.888450000000e-003	3.72261e+000
9.898850000000e-003	3.70251e+000
9.909250000000e-003	3.66231e+000
9.919650000000e-003	3.60201e+000
9.930050000000e-003	3.56181e+000
9.940450000000e-003	3.50151e+000
9.950850000000e-003	3.44121e+000
9.961250000000e-003	3.40101e+000
9.971650000000e-003	3.38090e+000
9.982050000000e-003	3.34070e+000
9.992450000000e-003	3.26030e+000
1.000285000000e-002	3.22010e+000
1.001325000000e-002	3.20000e+000
1.002365000000e-002	3.15980e+000
1.003405000000e-002	3.13970e+000
1.004445000000e-002	3.07940e+000
1.005485000000e-002	3.05930e+000
1.006525000000e-002	3.05930e+000
1.007565000000e-002	3.01910e+000
1.008605000000e-002	3.01910e+000
1.009645000000e-002	2.99900e+000
1.010685000000e-002	2.95879e+000
1.011725000000e-002	2.95879e+000
1.012765000000e-002	2.93869e+000
1.013805000000e-002	2.93869e+000
1.014845000000e-002	2.91859e+000
1.015885000000e-002	2.87839e+000
1.016925000000e-002	2.89849e+000
1.017965000000e-002	2.85829e+000
1.019005000000e-002	2.89849e+000
1.020045000000e-002	2.87839e+000
1.021085000000e-002	2.85829e+000
1.022125000000e-002	2.87839e+000
1.023165000000e-002	2.85829e+000
1.024205000000e-002	2.83819e+000
1.025245000000e-002	2.85829e+000
1.026285000000e-002	2.83819e+000
1.027325000000e-002	2.85829e+000
1.028365000000e-002	2.85829e+000
1.029405000000e-002	2.87839e+000
1.030445000000e-002	2.87839e+000
1.031485000000e-002	2.83819e+000
1.032525000000e-002	2.85829e+000
1.033565000000e-002	2.87839e+000
1.034605000000e-002	2.87839e+000
1.035645000000e-002	2.89849e+000
1.036685000000e-002	2.89849e+000
1.037725000000e-002	2.91859e+000
1.038765000000e-002	2.91859e+000
1.039805000000e-002	2.93869e+000
1.040845000000e-002	2.97889e+000
1.041885000000e-002	2.97889e+000
1.042925000000e-002	2.99900e+000
1.043965000000e-002	3.01910e+000
1.045005000000e-002	3.01910e+000
1.046045000000e-002	3.05930e+000
1.047085000000e-002	3.05930e+000
1.048125000000e-002	3.09950e+000
1.049165000000e-002	3.07940e+000
1.050205000000e-002	3.13970e+000
1.051245000000e-002	3.15980e+000
1.052285000000e-002	3.20000e+000
1.053325000000e-002	3.20000e+000
1.054365000000e-002	3.26030e+000
1.055405000000e-002	3.30050e+000
1.056445000000e-002	3.32060e+000
1.057485000000e-002	3.36080e+000
1.058525000000e-002	3.40101e+000
1.059565000000e-002	3.44121e+000
1.060605000000e-002	3.48141e+000
1.061645000000e-002	3.56181e+000
1.062685000000e-002	3.60201e+000
1.063725000000e-002	3.64221e+000
1.064765000000e-002	3.70251e+000
1.065805000000e-002	3.76281e+000
1.066845000000e-002	3.80302e+000
1.067885000000e-002	3.84322e+000
1.068925000000e-002	3.92362e+000
1.069965000000e-002	3.98392e+000
1.071005000000e-002	4.04422e+000
1.072045000000e-002	4.10452e+000
1.073085000000e-002	4.14472e+000
1.074125000000e-002	4.20503e+000
1.075165000000e-002	4.24523e+000
1.076205000000e-002	4.26533e+000
1.077245000000e-002	4.36583e+000
1.078285000000e-002	4.42613e+000
1.079325000000e-002	4.42613e+000
1.080365000000e-002	4.46633e+000
1.081405000000e-002	4.54673e+000
1.082445000000e-002	4.54673e+000
1.083485000000e-002	4.54673e+000
1.084525000000e-002	4.58693e+000
1.085565000000e-002	4.56683e+000
1.086605000000e-002	4.58693e+000
1.087645000000e-002	4.56683e+000
1.088685000000e-002	4.56683e+000
1.089725000000e-002	4.54673e+000
1.090765000000e-002	4.50653e+000
1.091805000000e-002	4.50653e+000
1.092845000000e-002	4.44623e+000
1.093885000000e-002	4.36583e+000
1.094925000000e-002	4.36583e+000
1.095965000000e-002	4.30553e+000
1.097005000000e-002	4.24523e+000
1.098045000000e-002	4.20503e+000
1.099085000000e-002	4.12462e+000
1.100125000000e-002	4.08442e+000
1.101165000000e-002	4.04422e+000
1.102205000000e-002	4.02412e+000
1.103245000000e-002	3.90352e+000
1.104285000000e-002	3.88342e+000
1.105325000000e-002	3.80302e+000
1.106365000000e-002	3.76281e+000
1.107405000000e-002	3.68241e+000
1.108445000000e-002	3.64221e+000
1.109485000000e-002	3.58191e+000
1.110525000000e-002	3.52161e+000
1.111565000000e-002	3.46131e+000
1.112605000000e-002	3.42111e+000
1.113645000000e-002	3.38090e+000
1.114685000000e-002	3.32060e+000
1.115725000000e-002	3.28040e+000
1.116765000000e-002	3.24020e+000
1.117805000000e-002	3.20000e+000
1.118845000000e-002	3.15980e+000
1.119885000000e-002	3.11960e+000
1.120925000000e-002	3.11960e+000
1.121965000000e-002	3.07940e+000
1.123005000000e-002	3.03920e+000
1.124045000000e-002	2.99900e+000
1.125085000000e-002	3.01910e+000
1.126125000000e-002	2.97889e+000
1.127165000000e-002	2.95879e+000
1.128205000000e-002	2.95879e+000
1.129245000000e-002	2.93869e+000
1.130285000000e-002	2.89849e+000
1.131325000000e-002	2.89849e+000
1.132365000000e-002	2.89849e+000
1.133405000000e-002	2.87839e+000
1.134445000000e-002	2.87839e+000
1.135485000000e-002	2.87839e+000
1.136525000000e-002	2.87839e+000
1.137565000000e-002	2.87839e+000
1.138605000000e-002	2.85829e+000
1.139645000000e-002	2.83819e+000
1.140685000000e-002	2.89849e+000
1.141725000000e-002	2.81809e+000
1.142765000000e-002	2.83819e+000
1.143805000000e-002	2.87839e+000
1.144845000000e-002	2.85829e+000
1.145885000000e-002	2.87839e+000
1.146925000000e-002	2.87839e+000
1.147965000000e-002	2.89849e+000
1.149005000000e-002	2.87839e+000
1.150045000000e-002	2.87839e+000
1.151085000000e-002	2.87839e+000
1.152125000000e-002	2.87839e+000
1.153165000000e-002	2.89849e+000
1.154205000000e-002	2.91859e+000
1.155245000000e-002	2.91859e+000
1.156285000000e-002	2.91859e+000
1.157325000000e-002	2.93869e+000
1.158365000000e-002	2.93869e+000
1.159405000000e-002	2.99900e+000
1.160445000000e-002	2.95879e+000
1.161485000000e-002	3.01910e+000
1.162525000000e-002	3.01910e+000
1.163565000000e-002	3.05930e+000
1.164605000000e-002	3.07940e+000
1.165645000000e-002	3.07940e+000
1.166685000000e-002	3.11960e+000
1.167725000000e-002	3.13970e+000
1.168765000000e-002	3.17990e+000
1.169805000000e-002	3.22010e+000
1.170845000000e-002	3.26030e+000
1.171885000000e-002	3.28040e+000
1.172925000000e-002	3.32060e+000
1.173965000000e-002	3.36080e+000
1.175005000000e-002	3.38090e+000
1.176045000000e-002	3.42111e+000
1.177085000000e-002	3.50151e+000
1.178125000000e-002	3.56181e+000
1.179165000000e-002	3.58191e+000
1.180205000000e-002	3.64221e+000
1.181245000000e-002	3.70251e+000
1.182285000000e-002	3.74271e+000
1.183325000000e-002	3.78291e+000
1.184365000000e-002	3.84322e+000
1.185405000000e-002	3.92362e+000
1.186445000000e-002	3.96382e+000
1.187485000000e-002	4.04422e+000
1.188525000000e-002	4.06432e+000
1.189565000000e-002	4.16482e+000
1.190605000000e-002	4.20503e+000
1.191645000000e-002	4.26533e+000
1.192685000000e-002	4.32563e+000
1.193725000000e-002	4.36583e+000
1.194765000000e-002	4.42613e+000
1.195805000000e-002	4.44623e+000
1.196845000000e-002	4.48643e+000
1.197885000000e-002	4.52663e+000
1.198925000000e-002	4.54673e+000
1.199965000000e-002	4.56683e+000
1.201005000000e-002	4.58693e+000
1.202045000000e-002	4.58693e+000
1.203085000000e-002	4.56683e+000
1.204125000000e-002	4.58693e+000
1.205165000000e-002	4.54673e+000
1.206205000000e-002	4.54673e+000
1.207245000000e-002	4.52663e+000
1.208285000000e-002	4.48643e+000
1.209325000000e-002	4.44623e+000
1.210365000000e-002	4.40603e+000
1.211405000000e-002	4.40603e+000
1.212445000000e-002	4.34573e+000
1.213485000000e-002	4.34573e+000
1.214525000000e-002	4.32563e+000
1.215565000000e-002	4.30553e+000
1.216605000000e-002	4.24523e+000
1.217645000000e-002	4.26533e+000
1.218685000000e-002	4.24523e+000
1.219725000000e-002	4.24523e+000
1.220765000000e-002	4.24523e+000
1.221805000000e-002	4.24523e+000
1.222845000000e-002	4.22513e+000
1.223885000000e-002	4.22513e+000
1.224925000000e-002	4.20503e+000
1.225965000000e-002	4.22513e+000
1.227005000000e-002	4.24523e+000