#time [s]	amplitude [V]
-6.343750000000e-003	1.12450e-002
-6.338550000000e-003	1.20490e-002
-6.333350000000e-003	1.28530e-002
-6.328150000000e-003	1.12450e-002
-6.322950000000e-003	1.20490e-002
-6.317750000000e-003	1.12450e-002
-6.312550000000e-003	1.04410e-002
-6.307350000000e-003	1.20490e-002
-6.302150000000e-003	1.12450e-002
-6.296950000000e-003	1.12450e-002
-6.291750000000e-003	1.12450e-002
-6.286550000000e-003	1.28530e-002
-6.281350000000e-003	1.20490e-002
-6.276150000000e-003	1.12450e-002
-6.270950000000e-003	1.12450e-002
-6.265750000000e-003	1.12450e-002
-6.260550000000e-003	1.12450e-002
-6.255350000000e-003	1.12450e-002
-6.250150000000e-003	1.12450e-002
-6.244950000000e-003	1.28530e-002
-6.239750000000e-003	1.28530e-002
-6.234550000000e-003	1.28530e-002
-6.229350000000e-003	1.12450e-002
-6.224150000000e-003	1.20490e-002
-6.218950000000e-003	1.12450e-002
-6.213750000000e-003	1.20490e-002
-6.208550000000e-003	1.04410e-002
-6.203350000000e-003	1.20490e-002
-6.198150000000e-003	1.12450e-002
-6.192950000000e-003	1.28530e-002
-6.187750000000e-003	1.28530e-002
-6.182550000000e-003	1.20490e-002
-6.177350000000e-003	1.28530e-002
-6.172150000000e-003	1.20490e-002
-6.166950000000e-003	1.12450e-002
-6.161750000000e-003	1.12450e-002
-6.156550000000e-003	1.20490e-002
-6.151350000000e-003	1.20490e-002
-6.146150000000e-003	1.12450e-002
-6.140950000000e-003	1.20490e-002
-6.135750000000e-003	1.20490e-002
-6.130550000000e-003	1.20490e-002
-6.125350000000e-003	1.28530e-002
-6.120150000000e-003	1.28530e-002
-6.114950000000e-003	1.12450e-002
-6.109750000000e-003	1.28530e-002
-6.104550000000e-003	1.36570e-002
-6.099350000000e-003	1.04410e-002
-6.094150000000e-003	1.20490e-002
-6.088950000000e-003	1.20490e-002
-6.083750000000e-003	1.12450e-002
-6.078550000000e-003	1.20490e-002
-6.073350000000e-003	1.28530e-002
-6.068150000000e-003	1.20490e-002
-6.062950000000e-003	1.12450e-002
-6.057750000000e-003	1.28530e-002
-6.052550000000e-003	1.20490e-002
-6.047350000000e-003	1.12450e-002
-6.042150000000e-003	1.12450e-002
-6.036950000000e-003	1.04410e-002
-6.031750000000e-003	1.20490e-002
-6.026550000000e-003	1.20490e-002
-6.021350000000e-003	1.12450e-002
-6.016150000000e-003	1.12450e-002
-6.010950000000e-003	1.12450e-002
-6.005750000000e-003	1.20490e-002
-6.000550000000e-003	1.12450e-002
-5.995350000000e-003	1.28530e-002
-5.990150000000e-003	1.20490e-002
-5.984950000000e-003	1.04410e-002
-5.979750000000e-003	1.04410e-002
-5.974550000000e-003	1.20490e-002
-5.969350000000e-003	1.12450e-002
-5.964150000000e-003	1.12450e-002
-5.958950000000e-003	1.20490e-002
-5.953750000000e-003	1.12450e-002
-5.948550000000e-003	1.20490e-002
-5.943350000000e-003	1.28530e-002
-5.938150000000e-003	1.20490e-002
-5.932950000000e-003	1.20490e-002
-5.927750000000e-003	1.20490e-002
-5.922550000000e-003	1.20490e-002
-5.917350000000e-003	1.20490e-002
-5.912150000000e-003	1.36570e-002
-5.906950000000e-003	1.12450e-002
-5.901750000000e-003	1.20490e-002
-5.896550000000e-003	1.28530e-002
-5.891350000000e-003	1.12450e-002
-5.886150000000e-003	1.12450e-002
-5.880950000000e-003	1.20490e-002
-5.875750000000e-003	1.12450e-002
-5.870550000000e-003	1.28530e-002
-5.865350000000e-003	1.28530e-002
-5.860150000000e-003	1.28530e-002
-5.854950000000e-003	1.12450e-002
-5.849750000000e-003	1.20490e-002
-5.844550000000e-003	1.20490e-002
-5.839350000000e-003	1.20490e-002
-5.834150000000e-003	1.12450e-002
-5.828950000000e-003	1.20490e-002
-5.823750000000e-003	1.12450e-002
-5.818550000000e-003	1.20490e-002
-5.813350000000e-003	1.28530e-002
-5.808150000000e-003	1.28530e-002
-5.802950000000e-003	1.12450e-002
-5.797750000000e-003	1.12450e-002
-5.792550000000e-003	1.12450e-002
-5.787350000000e-003	1.20490e-002
-5.782150000000e-003	1.28530e-002
-5.776950000000e-003	1.20490e-002
-5.771750000000e-003	1.20490e-002
-5.766550000000e-003	1.20490e-002
-5.761350000000e-003	1.28530e-002
-5.756150000000e-003	1.20490e-002
-5.750950000000e-003	1.04410e-002
-5.745750000000e-003	1.20490e-002
-5.740550000000e-003	1.28530e-002
-5.735350000000e-003	1.20490e-002
-5.730150000000e-003	1.20490e-002
-5.724950000000e-003	1.20490e-002
-5.719750000000e-003	1.12450e-002
-5.714550000000e-003	1.12450e-002
-5.709350000000e-003	1.28530e-002
-5.704150000000e-003	1.12450e-002
-5.698950000000e-003	1.28530e-002
-5.693750000000e-003	1.20490e-002
-5.688550000000e-003	1.12450e-002
-5.683350000000e-003	1.04410e-002
-5.678150000000e-003	1.28530e-002
-5.672950000000e-003	1.20490e-002
-5.667750000000e-003	1.12450e-002
-5.662550000000e-003	1.12450e-002
-5.657350000000e-003	1.12450e-002
-5.652150000000e-003	1.20490e-002
-5.646950000000e-003	1.20490e-002
-5.641750000000e-003	1.20490e-002
-5.636550000000e-003	1.20490e-002
-5.631350000000e-003	1.28530e-002
-5.626150000000e-003	1.28530e-002
-5.620950000000e-003	1.28530e-002
-5.615750000000e-003	1.20490e-002
-5.610550000000e-003	1.12450e-002
-5.605350000000e-003	1.20490e-002
-5.600150000000e-003	1.12450e-002
-5.594950000000e-003	1.28530e-002
-5.589750000000e-003	1.28530e-002
-5.584550000000e-003	1.12450e-002
-5.579350000000e-003	1.20490e-002
-5.574150000000e-003	1.20490e-002
-5.568950000000e-003	1.28530e-002
-5.563750000000e-003	1.28530e-002
-5.558550000000e-003	1.28530e-002
-5.553350000000e-003	1.12450e-002
-5.548150000000e-003	1.20490e-002
-5.542950000000e-003	1.12450e-002
-5.537750000000e-003	1.20490e-002
-5.532550000000e-003	1.12450e-002
-5.527350000000e-003	1.12450e-002
-5.522150000000e-003	1.28530e-002
-5.516950000000e-003	1.12450e-002
-5.511750000000e-003	1.12450e-002
-5.506550000000e-003	1.04410e-002
-5.501350000000e-003	1.20490e-002
-5.496150000000e-003	1.20490e-002
-5.490950000000e-003	1.28530e-002
-5.485750000000e-003	1.12450e-002
-5.480550000000e-003	1.20490e-002
-5.475350000000e-003	1.12450e-002
-5.470150000000e-003	1.20490e-002
-5.464950000000e-003	1.12450e-002
-5.459750000000e-003	1.20490e-002
-5.454550000000e-003	1.12450e-002
-5.449350000000e-003	1.20490e-002
-5.444150000000e-003	1.12450e-002
-5.438950000000e-003	1.20490e-002
-5.433750000000e-003	1.12450e-002
-5.428550000000e-003	1.20490e-002
-5.423350000000e-003	1.20490e-002
-5.418150000000e-003	1.12450e-002
-5.412950000000e-003	1.20490e-002
-5.407750000000e-003	1.20490e-002
-5.402550000000e-003	1.04410e-002
-5.397350000000e-003	1.20490e-002
-5.392150000000e-003	1.12450e-002
-5.386950000000e-003	1.12450e-002
-5.381750000000e-003	1.20490e-002
-5.376550000000e-003	1.12450e-002
-5.371350000000e-003	1.04410e-002
-5.366150000000e-003	1.12450e-002
-5.360950000000e-003	1.20490e-002
-5.355750000000e-003	1.12450e-002
-5.350550000000e-003	1.20490e-002
-5.345350000000e-003	1.20490e-002
-5.340150000000e-003	1.20490e-002
-5.334950000000e-003	1.20490e-002
-5.329750000000e-003	1.28530e-002
-5.324550000000e-003	1.20490e-002
-5.319350000000e-003	1.12450e-002
-5.314150000000e-003	1.20490e-002
-5.308950000000e-003	1.20490e-002
-5.303750000000e-003	1.12450e-002
-5.298550000000e-003	1.12450e-002
-5.293350000000e-003	1.12450e-002
-5.288150000000e-003	1.20490e-002
-5.282950000000e-003	1.12450e-002
-5.277750000000e-003	1.04410e-002
-5.272550000000e-003	1.12450e-002
-5.267350000000e-003	1.12450e-002
-5.262150000000e-003	1.20490e-002
-5.256950000000e-003	1.20490e-002
-5.251750000000e-003	1.12450e-002
-5.246550000000e-003	1.12450e-002
-5.241350000000e-003	1.12450e-002
-5.236150000000e-003	1.04410e-002
-5.230950000000e-003	1.12450e-002
-5.225750000000e-003	1.12450e-002
-5.220550000000e-003	1.12450e-002
-5.215350000000e-003	1.20490e-002
-5.210150000000e-003	1.28530e-002
-5.204950000000e-003	1.20490e-002
-5.199750000000e-003	1.12450e-002
-5.194550000000e-003	1.04410e-002
-5.189350000000e-003	1.20490e-002
-5.184150000000e-003	1.12450e-002
-5.178950000000e-003	1.12450e-002
-5.173750000000e-003	1.20490e-002
-5.168550000000e-003	1.20490e-002
-5.163350000000e-003	1.12450e-002
-5.158150000000e-003	1.12450e-002
-5.152950000000e-003	1.12450e-002
-5.147750000000e-003	1.04410e-002
-5.142550000000e-003	1.36570e-002
-5.137350000000e-003	1.20490e-002
-5.132150000000e-003	1.20490e-002
-5.126950000000e-003	1.12450e-002
-5.121750000000e-003	1.28530e-002
-5.116550000000e-003	1.20490e-002
-5.111350000000e-003	1.12450e-002
-5.106150000000e-003	1.28530e-002
-5.100950000000e-003	1.36570e-002
-5.095750000000e-003	1.28530e-002
-5.090550000000e-003	1.28530e-002
-5.085350000000e-003	1.12450e-002
-5.080150000000e-003	1.28530e-002
-5.074950000000e-003	1.20490e-002
-5.069750000000e-003	1.20490e-002
-5.064550000000e-003	1.20490e-002
-5.059350000000e-003	1.12450e-002
-5.054150000000e-003	1.28530e-002
-5.048950000000e-003	1.28530e-002
-5.043750000000e-003	1.20490e-002
-5.038550000000e-003	1.28530e-002
-5.033350000000e-003	1.20490e-002
-5.028150000000e-003	1.20490e-002
-5.022950000000e-003	1.12450e-002
-5.017750000000e-003	1.20490e-002
-5.012550000000e-003	1.28530e-002
-5.007350000000e-003	1.28530e-002
-5.002150000000e-003	1.28530e-002
-4.996950000000e-003	1.20490e-002
-4.991750000000e-003	1.28530e-002
-4.986550000000e-003	1.20490e-002
-4.981350000000e-003	1.20490e-002
-4.976150000000e-003	1.36570e-002
-4.970950000000e-003	1.36570e-002
-4.965750000000e-003	1.28530e-002
-4.960550000000e-003	1.28530e-002
-4.955350000000e-003	1.28530e-002
-4.950150000000e-003	1.44611e-002
-4.944950000000e-003	1.36570e-002
-4.939750000000e-003	1.60691e-002
-4.934550000000e-003	1.44611e-002
-4.929350000000e-003	1.52651e-002
-4.924150000000e-003	1.68731e-002
-4.918950000000e-003	1.84812e-002
-4.913750000000e-003	1.84812e-002
-4.908550000000e-003	1.84812e-002
-4.903350000000e-003	2.00892e-002
-4.898150000000e-003	2.00892e-002
-4.892950000000e-003	2.16972e-002
-4.887750000000e-003	2.25013e-002
-4.882550000000e-003	2.41093e-002
-4.877350000000e-003	2.49133e-002
-4.872150000000e-003	2.73254e-002
-4.866950000000e-003	2.89334e-002
-4.861750000000e-003	3.29535e-002
-4.856550000000e-003	3.29535e-002
-4.851350000000e-003	3.61696e-002
-4.846150000000e-003	3.85817e-002
-4.840950000000e-003	4.17977e-002
-4.835750000000e-003	4.58178e-002
-4.830550000000e-003	4.98379e-002
-4.825350000000e-003	5.38580e-002
-4.820150000000e-003	5.62701e-002
-4.814950000000e-003	5.86822e-002
-4.809750000000e-003	6.18982e-002
-4.804550000000e-003	6.51143e-002
-4.799350000000e-003	6.51143e-002
-4.794150000000e-003	6.75264e-002
-4.788950000000e-003	6.83304e-002
-4.783750000000e-003	6.67224e-002
-4.778550000000e-003	6.67224e-002
-4.773350000000e-003	6.35063e-002
-4.768150000000e-003	6.35063e-002
-4.762950000000e-003	6.10942e-002
-4.757750000000e-003	5.86822e-002
-4.752550000000e-003	5.70741e-002
-4.747350000000e-003	5.62701e-002
-4.742150000000e-003	5.38580e-002
-4.736950000000e-003	5.22500e-002
-4.731750000000e-003	4.98379e-002
-4.726550000000e-003	4.58178e-002
-4.721350000000e-003	4.26018e-002
-4.716150000000e-003	3.85817e-002
-4.710950000000e-003	3.45616e-002
-4.705750000000e-003	3.13455e-002
-4.700550000000e-003	3.05415e-002
-4.695350000000e-003	2.89334e-002
-4.690150000000e-003	2.65214e-002
-4.684950000000e-003	2.41093e-002
-4.679750000000e-003	2.25013e-002
-4.674550000000e-003	2.25013e-002
-4.669350000000e-003	2.08932e-002
-4.664150000000e-003	1.92852e-002
-4.658950000000e-003	1.84812e-002
-4.653750000000e-003	1.84812e-002
-4.648550000000e-003	1.76771e-002
-4.643350000000e-003	1.76771e-002
-4.638150000000e-003	1.68731e-002
-4.632950000000e-003	1.68731e-002
-4.627750000000e-003	1.60691e-002
-4.622550000000e-003	1.44611e-002
-4.617350000000e-003	1.44611e-002
-4.612150000000e-003	1.44611e-002
-4.606950000000e-003	1.52651e-002
-4.601750000000e-003	1.44611e-002
-4.596550000000e-003	1.28530e-002
-4.591350000000e-003	1.36570e-002
-4.586150000000e-003	1.36570e-002
-4.580950000000e-003	1.36570e-002
-4.575750000000e-003	1.28530e-002
-4.570550000000e-003	1.28530e-002
-4.565350000000e-003	1.28530e-002
-4.560150000000e-003	1.28530e-002
-4.554950000000e-003	1.36570e-002
-4.549750000000e-003	1.12450e-002
-4.544550000000e-003	1.20490e-002
-4.539350000000e-003	1.28530e-002
-4.534150000000e-003	1.28530e-002
-4.528950000000e-003	1.12450e-002
-4.523750000000e-003	1.12450e-002
-4.518550000000e-003	1.28530e-002
-4.513350000000e-003	1.12450e-002
-4.508150000000e-003	1.20490e-002
-4.502950000000e-003	1.20490e-002
-4.497750000000e-003	1.28530e-002
-4.492550000000e-003	1.20490e-002
-4.487350000000e-003	1.20490e-002
-4.482150000000e-003	1.12450e-002
-4.476950000000e-003	1.36570e-002
-4.471750000000e-003	1.12450e-002
-4.466550000000e-003	1.20490e-002
-4.461350000000e-003	1.28530e-002
-4.456150000000e-003	1.12450e-002
-4.450950000000e-003	1.20490e-002
-4.445750000000e-003	1.12450e-002
-4.440550000000e-003	1.12450e-002
-4.435350000000e-003	1.12450e-002
-4.430150000000e-003	1.04410e-002
-4.424950000000e-003	1.36570e-002
-4.419750000000e-003	1.12450e-002
-4.414550000000e-003	1.20490e-002
-4.409350000000e-003	1.20490e-002
-4.404150000000e-003	1.28530e-002
-4.398950000000e-003	1.04410e-002
-4.393750000000e-003	1.12450e-002
-4.388550000000e-003	1.28530e-002
-4.383350000000e-003	1.12450e-002
-4.378150000000e-003	1.28530e-002
-4.372950000000e-003	1.20490e-002
-4.367750000000e-003	1.20490e-002
-4.362550000000e-003	1.28530e-002
-4.357350000000e-003	1.20490e-002
-4.352150000000e-003	1.12450e-002
-4.346950000000e-003	1.12450e-002
-4.341750000000e-003	1.12450e-002
-4.336550000000e-003	1.04410e-002
-4.331350000000e-003	1.12450e-002
-4.326150000000e-003	1.20490e-002
-4.320950000000e-003	1.28530e-002
-4.315750000000e-003	1.28530e-002
-4.310550000000e-003	1.20490e-002
-4.305350000000e-003	1.20490e-002
-4.300150000000e-003	1.20490e-002
-4.294950000000e-003	1.20490e-002
-4.289750000000e-003	1.12450e-002
-4.284550000000e-003	1.12450e-002
-4.279350000000e-003	1.20490e-002
-4.274150000000e-003	1.28530e-002
-4.268950000000e-003	1.12450e-002
-4.263750000000e-003	1.20490e-002
-4.258550000000e-003	1.12450e-002
-4.253350000000e-003	1.12450e-002
-4.248150000000e-003	1.20490e-002
-4.242950000000e-003	1.20490e-002
-4.237750000000e-003	1.20490e-002
-4.232550000000e-003	1.20490e-002
-4.227350000000e-003	1.20490e-002
-4.222150000000e-003	1.28530e-002
-4.216950000000e-003	1.20490e-002
-4.211750000000e-003	1.04410e-002
-4.206550000000e-003	1.28530e-002
-4.201350000000e-003	1.20490e-002
-4.196150000000e-003	1.28530e-002
-4.190950000000e-003	1.28530e-002
-4.185750000000e-003	1.20490e-002
-4.180550000000e-003	1.20490e-002
-4.175350000000e-003	1.04410e-002
-4.170150000000e-003	1.20490e-002
-4.164950000000e-003	1.28530e-002
-4.159750000000e-003	1.12450e-002
-4.154550000000e-003	1.12450e-002
-4.149350000000e-003	1.12450e-002
-4.144150000000e-003	1.20490e-002
-4.138950000000e-003	1.12450e-002
-4.133750000000e-003	1.20490e-002
-4.128550000000e-003	1.20490e-002
-4.123350000000e-003	1.20490e-002
-4.118150000000e-003	1.20490e-002
-4.112950000000e-003	1.12450e-002
-4.107750000000e-003	1.12450e-002
-4.102550000000e-003	1.20490e-002
-4.097350000000e-003	1.12450e-002
-4.092150000000e-003	1.20490e-002
-4.086950000000e-003	1.12450e-002
-4.081750000000e-003	1.04410e-002
-4.076550000000e-003	1.12450e-002
-4.071350000000e-003	1.20490e-002
-4.066150000000e-003	1.12450e-002
-4.060950000000e-003	1.20490e-002
-4.055750000000e-003	1.12450e-002
-4.050550000000e-003	1.20490e-002
-4.045350000000e-003	1.20490e-002
-4.040150000000e-003	1.12450e-002
-4.034950000000e-003	1.12450e-002
-4.029750000000e-003	1.12450e-002
-4.024550000000e-003	1.04410e-002
-4.019350000000e-003	1.20490e-002
-4.014150000000e-003	1.12450e-002
-4.008950000000e-003	1.12450e-002
-4.003750000000e-003	1.12450e-002
-3.998550000000e-003	1.20490e-002
-3.993350000000e-003	1.12450e-002
-3.988150000000e-003	1.12450e-002
-3.982950000000e-003	1.12450e-002
-3.977750000000e-003	1.28530e-002
-3.972550000000e-003	1.12450e-002
-3.967350000000e-003	1.12450e-002
-3.962150000000e-003	1.04410e-002
-3.956950000000e-003	1.12450e-002
-3.951750000000e-003	1.12450e-002
-3.946550000000e-003	1.12450e-002
-3.941350000000e-003	1.12450e-002
-3.936150000000e-003	1.04410e-002
-3.930950000000e-003	1.28530e-002
-3.925750000000e-003	1.20490e-002
-3.920550000000e-003	1.12450e-002
-3.915350000000e-003	1.12450e-002
-3.910150000000e-003	1.12450e-002
-3.904950000000e-003	1.12450e-002
-3.899750000000e-003	1.04410e-002
-3.894550000000e-003	1.12450e-002
-3.889350000000e-003	1.12450e-002
-3.884150000000e-003	1.20490e-002
-3.878950000000e-003	1.12450e-002
-3.873750000000e-003	1.20490e-002
-3.868550000000e-003	1.12450e-002
-3.863350000000e-003	1.12450e-002
-3.858150000000e-003	1.04410e-002
-3.852950000000e-003	1.12450e-002
-3.847750000000e-003	1.20490e-002
-3.842550000000e-003	1.12450e-002
-3.837350000000e-003	1.12450e-002
-3.832150000000e-003	1.12450e-002
-3.826950000000e-003	1.20490e-002
-3.821750000000e-003	1.12450e-002
-3.816550000000e-003	1.20490e-002
-3.811350000000e-003	1.12450e-002
-3.806150000000e-003	1.12450e-002
-3.800950000000e-003	1.04410e-002
-3.795750000000e-003	1.20490e-002
-3.790550000000e-003	1.20490e-002
-3.785350000000e-003	1.20490e-002
-3.780150000000e-003	1.12450e-002
-3.774950000000e-003	1.04410e-002
-3.769750000000e-003	1.20490e-002
-3.764550000000e-003	1.12450e-002
-3.759350000000e-003	1.12450e-002
-3.754150000000e-003	1.12450e-002
-3.748950000000e-003	1.20490e-002
-3.743750000000e-003	1.12450e-002
-3.738550000000e-003	1.20490e-002
-3.733350000000e-003	1.20490e-002
-3.728150000000e-003	1.20490e-002
-3.722950000000e-003	1.28530e-002
-3.717750000000e-003	1.04410e-002
-3.712550000000e-003	1.20490e-002
-3.707350000000e-003	1.20490e-002
-3.702150000000e-003	1.12450e-002
-3.696950000000e-003	1.12450e-002
-3.691750000000e-003	1.12450e-002
-3.686550000000e-003	1.04410e-002
-3.681350000000e-003	1.04410e-002
-3.676150000000e-003	1.20490e-002
-3.670950000000e-003	1.28530e-002
-3.665750000000e-003	1.20490e-002
-3.660550000000e-003	1.04410e-002
-3.655350000000e-003	1.12450e-002
-3.650150000000e-003	1.12450e-002
-3.644950000000e-003	1.12450e-002
-3.639750000000e-003	1.20490e-002
-3.634550000000e-003	1.12450e-002
-3.629350000000e-003	1.12450e-002
-3.624150000000e-003	1.12450e-002
-3.618950000000e-003	1.12450e-002
-3.613750000000e-003	1.28530e-002
-3.608550000000e-003	1.12450e-002
-3.603350000000e-003	1.20490e-002
-3.598150000000e-003	1.04410e-002
-3.592950000000e-003	1.04410e-002
-3.587750000000e-003	1.12450e-002
-3.582550000000e-003	1.20490e-002
-3.577350000000e-003	1.20490e-002
-3.572150000000e-003	1.20490e-002
-3.566950000000e-003	1.20490e-002
-3.561750000000e-003	1.20490e-002
-3.556550000000e-003	1.12450e-002
-3.551350000000e-003	1.04410e-002
-3.546150000000e-003	1.20490e-002
-3.540950000000e-003	1.20490e-002
-3.535750000000e-003	1.20490e-002
-3.530550000000e-003	1.12450e-002
-3.525350000000e-003	1.12450e-002
-3.520150000000e-003	1.12450e-002
-3.514950000000e-003	1.20490e-002
-3.509750000000e-003	1.12450e-002
-3.504550000000e-003	1.12450e-002
-3.499350000000e-003	1.20490e-002
-3.494150000000e-003	1.12450e-002
-3.488950000000e-003	1.12450e-002
-3.483750000000e-003	1.04410e-002
-3.478550000000e-003	1.20490e-002
-3.473350000000e-003	1.20490e-002
-3.468150000000e-003	1.12450e-002
-3.462950000000e-003	1.12450e-002
-3.457750000000e-003	1.20490e-002
-3.452550000000e-003	1.04410e-002
-3.447350000000e-003	1.12450e-002
-3.442150000000e-003	9.63693e-003
-3.436950000000e-003	1.12450e-002
-3.431750000000e-003	1.12450e-002
-3.426550000000e-003	1.12450e-002
-3.421350000000e-003	1.12450e-002
-3.416150000000e-003	1.04410e-002
-3.410950000000e-003	1.20490e-002
-3.405750000000e-003	1.20490e-002
-3.400550000000e-003	1.04410e-002
-3.395350000000e-003	1.04410e-002
-3.390150000000e-003	1.04410e-002
-3.384950000000e-003	1.12450e-002
-3.379750000000e-003	1.12450e-002
-3.374550000000e-003	1.12450e-002
-3.369350000000e-003	1.12450e-002
-3.364150000000e-003	1.12450e-002
-3.358950000000e-003	1.12450e-002
-3.353750000000e-003	1.20490e-002
-3.348550000000e-003	1.04410e-002
-3.343350000000e-003	1.12450e-002
-3.338150000000e-003	1.12450e-002
-3.332950000000e-003	1.04410e-002
-3.327750000000e-003	1.20490e-002
-3.322550000000e-003	1.12450e-002
-3.317350000000e-003	1.12450e-002
-3.312150000000e-003	1.12450e-002
-3.306950000000e-003	1.04410e-002
-3.301750000000e-003	1.12450e-002
-3.296550000000e-003	1.12450e-002
-3.291350000000e-003	1.12450e-002
-3.286150000000e-003	1.12450e-002
-3.280950000000e-003	1.12450e-002
-3.275750000000e-003	1.20490e-002
-3.270550000000e-003	1.12450e-002
-3.265350000000e-003	1.20490e-002
-3.260150000000e-003	1.20490e-002
-3.254950000000e-003	1.20490e-002
-3.249750000000e-003	1.12450e-002
-3.244550000000e-003	1.12450e-002
-3.239350000000e-003	1.20490e-002
-3.234150000000e-003	1.20490e-002
-3.228950000000e-003	1.12450e-002
-3.223750000000e-003	1.20490e-002
-3.218550000000e-003	1.20490e-002
-3.213350000000e-003	1.12450e-002
-3.208150000000e-003	1.20490e-002
-3.202950000000e-003	1.20490e-002
-3.197750000000e-003	1.04410e-002
-3.192550000000e-003	1.12450e-002
-3.187350000000e-003	1.12450e-002
-3.182150000000e-003	1.12450e-002
-3.176950000000e-003	1.20490e-002
-3.171750000000e-003	1.12450e-002
-3.166550000000e-003	1.12450e-002
-3.161350000000e-003	1.20490e-002
-3.156150000000e-003	1.20490e-002
-3.150950000000e-003	1.04410e-002
-3.145750000000e-003	1.12450e-002
-3.140550000000e-003	1.12450e-002
-3.135350000000e-003	1.12450e-002
-3.130150000000e-003	1.04410e-002
-3.124950000000e-003	1.12450e-002
-3.119750000000e-003	1.12450e-002
-3.114550000000e-003	1.04410e-002
-3.109350000000e-003	1.12450e-002
-3.104150000000e-003	1.20490e-002
-3.098950000000e-003	1.12450e-002
-3.093750000000e-003	1.12450e-002
-3.088550000000e-003	1.04410e-002
-3.083350000000e-003	1.12450e-002
-3.078150000000e-003	1.12450e-002
-3.072950000000e-003	1.20490e-002
-3.067750000000e-003	1.04410e-002
-3.062550000000e-003	1.20490e-002
-3.057350000000e-003	1.12450e-002
-3.052150000000e-003	1.12450e-002
-3.046950000000e-003	1.12450e-002
-3.041750000000e-003	1.20490e-002
-3.036550000000e-003	1.20490e-002
-3.031350000000e-003	1.12450e-002
-3.026150000000e-003	1.12450e-002
-3.020950000000e-003	1.12450e-002
-3.015750000000e-003	1.12450e-002
-3.010550000000e-003	1.12450e-002
-3.005350000000e-003	1.04410e-002
-3.000150000000e-003	1.20490e-002
-2.994950000000e-003	1.12450e-002
-2.989750000000e-003	1.20490e-002
-2.984550000000e-003	1.12450e-002
-2.979350000000e-003	1.20490e-002
-2.974150000000e-003	1.12450e-002
-2.968950000000e-003	1.28530e-002
-2.963750000000e-003	1.12450e-002
-2.958550000000e-003	1.12450e-002
-2.953350000000e-003	1.12450e-002
-2.948150000000e-003	1.12450e-002
-2.942950000000e-003	1.20490e-002
-2.937750000000e-003	1.20490e-002
-2.932550000000e-003	1.12450e-002
-2.927350000000e-003	1.12450e-002
-2.922150000000e-003	1.12450e-002
-2.916950000000e-003	1.20490e-002
-2.911750000000e-003	1.20490e-002
-2.906550000000e-003	1.12450e-002
-2.901350000000e-003	1.04410e-002
-2.896150000000e-003	1.20490e-002
-2.890950000000e-003	1.04410e-002
-2.885750000000e-003	1.12450e-002
-2.880550000000e-003	1.20490e-002
-2.875350000000e-003	1.12450e-002
-2.870150000000e-003	1.12450e-002
-2.864950000000e-003	1.20490e-002
-2.859750000000e-003	1.12450e-002
-2.854550000000e-003	1.12450e-002
-2.849350000000e-003	1.12450e-002
-2.844150000000e-003	1.20490e-002
-2.838950000000e-003	1.12450e-002
-2.833750000000e-003	1.12450e-002
-2.828550000000e-003	1.04410e-002
-2.823350000000e-003	1.12450e-002
-2.818150000000e-003	1.12450e-002
-2.812950000000e-003	1.12450e-002
-2.807750000000e-003	1.04410e-002
-2.802550000000e-003	1.20490e-002
-2.797350000000e-003	1.20490e-002
-2.792150000000e-003	1.12450e-002
-2.786950000000e-003	1.12450e-002
-2.781750000000e-003	1.20490e-002
-2.776550000000e-003	1.12450e-002
-2.771350000000e-003	1.12450e-002
-2.766150000000e-003	1.12450e-002
-2.760950000000e-003	1.20490e-002
-2.755750000000e-003	1.12450e-002
-2.750550000000e-003	1.04410e-002
-2.745350000000e-003	1.20490e-002
-2.740150000000e-003	1.04410e-002
-2.734950000000e-003	1.12450e-002
-2.729750000000e-003	1.04410e-002
-2.724550000000e-003	1.28530e-002
-2.719350000000e-003	1.12450e-002
-2.714150000000e-003	1.20490e-002
-2.708950000000e-003	1.12450e-002
-2.703750000000e-003	1.12450e-002
-2.698550000000e-003	1.12450e-002
-2.693350000000e-003	1.04410e-002
-2.688150000000e-003	1.12450e-002
-2.682950000000e-003	1.04410e-002
-2.677750000000e-003	1.12450e-002
-2.672550000000e-003	1.12450e-002
-2.667350000000e-003	1.12450e-002
-2.662150000000e-003	1.20490e-002
-2.656950000000e-003	1.12450e-002
-2.651750000000e-003	1.04410e-002
-2.646550000000e-003	1.20490e-002
-2.641350000000e-003	1.20490e-002
-2.636150000000e-003	1.20490e-002
-2.630950000000e-003	1.12450e-002
-2.625750000000e-003	1.12450e-002
-2.620550000000e-003	1.04410e-002
-2.615350000000e-003	1.12450e-002
-2.610150000000e-003	1.12450e-002
-2.604950000000e-003	1.20490e-002
-2.599750000000e-003	1.20490e-002
-2.594550000000e-003	1.12450e-002
-2.589350000000e-003	1.12450e-002
-2.584150000000e-003	1.12450e-002
-2.578950000000e-003	1.20490e-002
-2.573750000000e-003	1.12450e-002
-2.568550000000e-003	1.04410e-002
-2.563350000000e-003	1.04410e-002
-2.558150000000e-003	1.12450e-002
-2.552950000000e-003	1.12450e-002
-2.547750000000e-003	1.12450e-002
-2.542550000000e-003	1.12450e-002
-2.537350000000e-003	1.04410e-002
-2.532150000000e-003	1.12450e-002
-2.526950000000e-003	1.04410e-002
-2.521750000000e-003	1.12450e-002
-2.516550000000e-003	1.20490e-002
-2.511350000000e-003	1.20490e-002
-2.506150000000e-003	1.12450e-002
-2.500950000000e-003	1.12450e-002
-2.495750000000e-003	1.20490e-002
-2.490550000000e-003	1.12450e-002
-2.485350000000e-003	1.20490e-002
-2.480150000000e-003	1.12450e-002
-2.474950000000e-003	1.12450e-002
-2.469750000000e-003	1.12450e-002
-2.464550000000e-003	1.12450e-002
-2.459350000000e-003	1.04410e-002
-2.454150000000e-003	1.12450e-002
-2.448950000000e-003	1.12450e-002
-2.443750000000e-003	1.20490e-002
-2.438550000000e-003	1.04410e-002
-2.433350000000e-003	1.12450e-002
-2.428150000000e-003	1.12450e-002
-2.422950000000e-003	1.12450e-002
-2.417750000000e-003	1.04410e-002
-2.412550000000e-003	1.04410e-002
-2.407350000000e-003	1.12450e-002
-2.402150000000e-003	1.04410e-002
-2.396950000000e-003	1.12450e-002
-2.391750000000e-003	1.12450e-002
-2.386550000000e-003	1.12450e-002
-2.381350000000e-003	1.04410e-002
-2.376150000000e-003	1.20490e-002
-2.370950000000e-003	1.20490e-002
-2.365750000000e-003	1.12450e-002
-2.360550000000e-003	1.12450e-002
-2.355350000000e-003	1.12450e-002
-2.350150000000e-003	1.04410e-002
-2.344950000000e-003	1.20490e-002
-2.339750000000e-003	1.12450e-002
-2.334550000000e-003	1.12450e-002
-2.329350000000e-003	1.04410e-002
-2.324150000000e-003	1.12450e-002
-2.318950000000e-003	1.04410e-002
-2.313750000000e-003	1.12450e-002
-2.308550000000e-003	1.04410e-002
-2.303350000000e-003	1.12450e-002
-2.298150000000e-003	1.04410e-002
-2.292950000000e-003	1.12450e-002
-2.287750000000e-003	1.20490e-002
-2.282550000000e-003	1.20490e-002
-2.277350000000e-003	1.12450e-002
-2.272150000000e-003	1.12450e-002
-2.266950000000e-003	1.20490e-002
-2.261750000000e-003	1.12450e-002
-2.256550000000e-003	1.04410e-002
-2.251350000000e-003	1.20490e-002
-2.246150000000e-003	1.12450e-002
-2.240950000000e-003	1.12450e-002
-2.235750000000e-003	1.20490e-002
-2.230550000000e-003	1.04410e-002
-2.225350000000e-003	1.12450e-002
-2.220150000000e-003	1.20490e-002
-2.214950000000e-003	1.04410e-002
-2.209750000000e-003	1.12450e-002
-2.204550000000e-003	1.20490e-002
-2.199350000000e-003	1.20490e-002
-2.194150000000e-003	1.04410e-002
-2.188950000000e-003	1.12450e-002
-2.183750000000e-003	1.12450e-002
-2.178550000000e-003	1.20490e-002
-2.173350000000e-003	1.04410e-002
-2.168150000000e-003	1.12450e-002
-2.162950000000e-003	1.12450e-002
-2.157750000000e-003	1.12450e-002
-2.152550000000e-003	1.12450e-002
-2.147350000000e-003	1.12450e-002
-2.142150000000e-003	1.12450e-002
-2.136950000000e-003	1.12450e-002
-2.131750000000e-003	1.12450e-002
-2.126550000000e-003	1.04410e-002
-2.121350000000e-003	1.20490e-002
-2.116150000000e-003	1.04410e-002
-2.110950000000e-003	1.12450e-002
-2.105750000000e-003	1.20490e-002
-2.100550000000e-003	1.20490e-002
-2.095350000000e-003	1.20490e-002
-2.090150000000e-003	1.12450e-002
-2.084950000000e-003	1.12450e-002
-2.079750000000e-003	1.12450e-002
-2.074550000000e-003	1.12450e-002
-2.069350000000e-003	1.12450e-002
-2.064150000000e-003	1.12450e-002
-2.058950000000e-003	1.12450e-002
-2.053750000000e-003	1.12450e-002
-2.048550000000e-003	1.12450e-002
-2.043350000000e-003	1.20490e-002
-2.038150000000e-003	1.12450e-002
-2.032950000000e-003	1.20490e-002
-2.027750000000e-003	1.12450e-002
-2.022550000000e-003	1.12450e-002
-2.017350000000e-003	1.20490e-002
-2.012150000000e-003	1.04410e-002
-2.006950000000e-003	1.12450e-002
-2.001750000000e-003	1.20490e-002
-1.996550000000e-003	1.12450e-002
-1.991350000000e-003	1.12450e-002
-1.986150000000e-003	1.12450e-002
-1.980950000000e-003	1.20490e-002
-1.975750000000e-003	1.20490e-002
-1.970550000000e-003	1.12450e-002
-1.965350000000e-003	1.12450e-002
-1.960150000000e-003	1.20490e-002
-1.954950000000e-003	1.12450e-002
-1.949750000000e-003	1.12450e-002
-1.944550000000e-003	1.04410e-002
-1.939350000000e-003	1.12450e-002
-1.934150000000e-003	1.12450e-002
-1.928950000000e-003	1.12450e-002
-1.923750000000e-003	1.28530e-002
-1.918550000000e-003	1.04410e-002
-1.913350000000e-003	1.20490e-002
-1.908150000000e-003	1.04410e-002
-1.902950000000e-003	1.12450e-002
-1.897750000000e-003	1.12450e-002
-1.892550000000e-003	1.20490e-002
-1.887350000000e-003	1.12450e-002
-1.882150000000e-003	1.04410e-002
-1.876950000000e-003	1.12450e-002
-1.871750000000e-003	1.04410e-002
-1.866550000000e-003	1.12450e-002
-1.861350000000e-003	1.12450e-002
-1.856150000000e-003	1.04410e-002
-1.850950000000e-003	1.12450e-002
-1.845750000000e-003	1.12450e-002
-1.840550000000e-003	1.12450e-002
-1.835350000000e-003	1.12450e-002
-1.830150000000e-003	1.12450e-002
-1.824950000000e-003	1.04410e-002
-1.819750000000e-003	1.04410e-002
-1.814550000000e-003	1.12450e-002
-1.809350000000e-003	1.04410e-002
-1.804150000000e-003	1.12450e-002
-1.798950000000e-003	1.12450e-002
-1.793750000000e-003	1.12450e-002
-1.788550000000e-003	1.12450e-002
-1.783350000000e-003	9.63693e-003
-1.778150000000e-003	1.28530e-002
-1.772950000000e-003	1.12450e-002
-1.767750000000e-003	1.20490e-002
-1.762550000000e-003	1.04410e-002
-1.757350000000e-003	1.12450e-002
-1.752150000000e-003	1.04410e-002
-1.746950000000e-003	1.04410e-002
-1.741750000000e-003	1.04410e-002
-1.736550000000e-003	1.20490e-002
-1.731350000000e-003	1.04410e-002
-1.726150000000e-003	1.04410e-002
-1.720950000000e-003	1.20490e-002
-1.715750000000e-003	1.12450e-002
-1.710550000000e-003	1.12450e-002
-1.705350000000e-003	1.04410e-002
-1.700150000000e-003	1.20490e-002
-1.694950000000e-003	1.12450e-002
-1.689750000000e-003	1.12450e-002
-1.684550000000e-003	1.12450e-002
-1.679350000000e-003	1.12450e-002
-1.674150000000e-003	1.20490e-002
-1.668950000000e-003	1.12450e-002
-1.663750000000e-003	1.28530e-002
-1.658550000000e-003	1.04410e-002
-1.653350000000e-003	1.12450e-002
-1.648150000000e-003	1.04410e-002
-1.642950000000e-003	1.20490e-002
-1.637750000000e-003	1.12450e-002
-1.632550000000e-003	1.04410e-002
-1.627350000000e-003	1.04410e-002
-1.622150000000e-003	1.12450e-002
-1.616950000000e-003	1.04410e-002
-1.611750000000e-003	1.20490e-002
-1.606550000000e-003	1.12450e-002
-1.601350000000e-003	1.12450e-002
-1.596150000000e-003	1.12450e-002
-1.590950000000e-003	1.12450e-002
-1.585750000000e-003	1.04410e-002
-1.580550000000e-003	1.20490e-002
-1.575350000000e-003	1.20490e-002
-1.570150000000e-003	1.12450e-002
-1.564950000000e-003	1.20490e-002
-1.559750000000e-003	1.04410e-002
-1.554550000000e-003	1.04410e-002
-1.549350000000e-003	1.04410e-002
-1.544150000000e-003	1.20490e-002
-1.538950000000e-003	1.12450e-002
-1.533750000000e-003	1.20490e-002
-1.528550000000e-003	1.20490e-002
-1.523350000000e-003	1.20490e-002
-1.518150000000e-003	1.12450e-002
-1.512950000000e-003	1.12450e-002
-1.507750000000e-003	1.20490e-002
-1.502550000000e-003	1.04410e-002
-1.497350000000e-003	1.20490e-002
-1.492150000000e-003	1.12450e-002
-1.486950000000e-003	1.04410e-002
-1.481750000000e-003	1.12450e-002
-1.476550000000e-003	1.04410e-002
-1.471350000000e-003	1.12450e-002
-1.466150000000e-003	1.20490e-002
-1.460950000000e-003	1.04410e-002
-1.455750000000e-003	1.04410e-002
-1.450550000000e-003	1.12450e-002
-1.445350000000e-003	1.12450e-002
-1.440150000000e-003	1.20490e-002
-1.434950000000e-003	1.12450e-002
-1.429750000000e-003	1.04410e-002
-1.424550000000e-003	1.04410e-002
-1.419350000000e-003	1.12450e-002
-1.414150000000e-003	1.20490e-002
-1.408950000000e-003	1.20490e-002
-1.403750000000e-003	1.12450e-002
-1.398550000000e-003	1.20490e-002
-1.393350000000e-003	1.12450e-002
-1.388150000000e-003	1.04410e-002
-1.382950000000e-003	1.12450e-002
-1.377750000000e-003	1.12450e-002
-1.372550000000e-003	1.04410e-002
-1.367350000000e-003	1.12450e-002
-1.362150000000e-003	1.12450e-002
-1.356950000000e-003	1.12450e-002
-1.351750000000e-003	1.12450e-002
-1.346550000000e-003	1.20490e-002
-1.341350000000e-003	1.20490e-002
-1.336150000000e-003	1.12450e-002
-1.330950000000e-003	1.12450e-002
-1.325750000000e-003	1.12450e-002
-1.320550000000e-003	1.20490e-002
-1.315350000000e-003	1.04410e-002
-1.310150000000e-003	1.12450e-002
-1.304950000000e-003	1.20490e-002
-1.299750000000e-003	1.04410e-002
-1.294550000000e-003	1.20490e-002
-1.289350000000e-003	1.12450e-002
-1.284150000000e-003	1.12450e-002
-1.278950000000e-003	1.12450e-002
-1.273750000000e-003	1.12450e-002
-1.268550000000e-003	1.12450e-002
-1.263350000000e-003	1.12450e-002
-1.258150000000e-003	1.20490e-002
-1.252950000000e-003	1.28530e-002
-1.247750000000e-003	1.20490e-002
-1.242550000000e-003	1.12450e-002
-1.237350000000e-003	1.20490e-002
-1.232150000000e-003	1.12450e-002
-1.226950000000e-003	1.20490e-002
-1.221750000000e-003	1.20490e-002
-1.216550000000e-003	1.12450e-002
-1.211350000000e-003	1.12450e-002
-1.206150000000e-003	1.12450e-002
-1.200950000000e-003	1.04410e-002
-1.195750000000e-003	1.04410e-002
-1.190550000000e-003	1.20490e-002
-1.185350000000e-003	1.20490e-002
-1.180150000000e-003	1.04410e-002
-1.174950000000e-003	1.12450e-002
-1.169750000000e-003	1.12450e-002
-1.164550000000e-003	1.12450e-002
-1.159350000000e-003	1.20490e-002
-1.154150000000e-003	1.20490e-002
-1.148950000000e-003	1.12450e-002
-1.143750000000e-003	1.04410e-002
-1.138550000000e-003	1.12450e-002
-1.133350000000e-003	1.20490e-002
-1.128150000000e-003	1.12450e-002
-1.122950000000e-003	1.12450e-002
-1.117750000000e-003	1.20490e-002
-1.112550000000e-003	1.20490e-002
-1.107350000000e-003	1.12450e-002
-1.102150000000e-003	1.12450e-002
-1.096950000000e-003	1.12450e-002
-1.091750000000e-003	1.12450e-002
-1.086550000000e-003	1.12450e-002
-1.081350000000e-003	1.28530e-002
-1.076150000000e-003	1.20490e-002
-1.070950000000e-003	1.20490e-002
-1.065750000000e-003	1.12450e-002
-1.060550000000e-003	1.04410e-002
-1.055350000000e-003	1.12450e-002
-1.050150000000e-003	1.12450e-002
-1.044950000000e-003	1.12450e-002
-1.039750000000e-003	1.12450e-002
-1.034550000000e-003	1.12450e-002
-1.029350000000e-003	1.20490e-002
-1.024150000000e-003	1.04410e-002
-1.018950000000e-003	1.20490e-002
-1.013750000000e-003	1.20490e-002
-1.008550000000e-003	1.28530e-002
-1.003350000000e-003	1.12450e-002
-9.981500000000e-004	1.12450e-002
-9.929500000000e-004	1.12450e-002
-9.877500000000e-004	1.12450e-002
-9.825500000000e-004	1.12450e-002
-9.773500000000e-004	1.12450e-002
-9.721500000000e-004	1.12450e-002
-9.669500000000e-004	1.28530e-002
-9.617500000000e-004	1.12450e-002
-9.565500000000e-004	1.04410e-002
-9.513500000000e-004	1.20490e-002
-9.461500000000e-004	1.12450e-002
-9.409500000000e-004	1.28530e-002
-9.357500000000e-004	1.12450e-002
-9.305500000000e-004	1.28530e-002
-9.253500000000e-004	1.28530e-002
-9.201500000000e-004	1.12450e-002
-9.149500000000e-004	1.20490e-002
-9.097500000000e-004	1.12450e-002
-9.045500000000e-004	1.28530e-002
-8.993500000000e-004	1.12450e-002
-8.941500000000e-004	1.20490e-002
-8.889500000000e-004	1.12450e-002
-8.837500000000e-004	1.12450e-002
-8.785500000000e-004	1.20490e-002
-8.733500000000e-004	1.20490e-002
-8.681500000000e-004	1.12450e-002
-8.629500000000e-004	1.20490e-002
-8.577500000000e-004	1.28530e-002
-8.525500000000e-004	1.12450e-002
-8.473500000000e-004	1.12450e-002
-8.421500000000e-004	1.12450e-002
-8.369500000000e-004	1.20490e-002
-8.317500000000e-004	1.12450e-002
-8.265500000000e-004	1.12450e-002
-8.213500000000e-004	1.12450e-002
-8.161500000000e-004	1.12450e-002
-8.109500000000e-004	1.12450e-002
-8.057500000000e-004	1.28530e-002
-8.005500000000e-004	1.20490e-002
-7.953500000000e-004	1.20490e-002
-7.901500000000e-004	1.12450e-002
-7.849500000000e-004	1.28530e-002
-7.797500000000e-004	1.36570e-002
-7.745500000000e-004	1.20490e-002
-7.693500000000e-004	1.20490e-002
-7.641500000000e-004	1.28530e-002
-7.589500000000e-004	1.20490e-002
-7.537500000000e-004	1.28530e-002
-7.485500000000e-004	1.28530e-002
-7.433500000000e-004	1.20490e-002
-7.381500000000e-004	1.28530e-002
-7.329500000000e-004	1.28530e-002
-7.277500000000e-004	1.28530e-002
-7.225500000000e-004	1.28530e-002
-7.173500000000e-004	1.20490e-002
-7.121500000000e-004	1.28530e-002
-7.069500000000e-004	1.04410e-002
-7.017500000000e-004	1.12450e-002
-6.965500000000e-004	1.12450e-002
-6.913500000000e-004	1.12450e-002
-6.861500000000e-004	1.12450e-002
-6.809500000000e-004	1.20490e-002
-6.757500000000e-004	1.12450e-002
-6.705500000000e-004	1.12450e-002
-6.653500000000e-004	1.04410e-002
-6.601500000000e-004	1.12450e-002
-6.549500000000e-004	1.12450e-002
-6.497500000000e-004	1.20490e-002
-6.445500000000e-004	1.04410e-002
-6.393500000000e-004	1.12450e-002
-6.341500000000e-004	1.12450e-002
-6.289500000000e-004	1.20490e-002
-6.237500000000e-004	1.20490e-002
-6.185500000000e-004	1.12450e-002
-6.133500000000e-004	1.04410e-002
-6.081500000000e-004	1.12450e-002
-6.029500000000e-004	1.20490e-002
-5.977500000000e-004	1.12450e-002
-5.925500000000e-004	1.04410e-002
-5.873500000000e-004	1.12450e-002
-5.821500000000e-004	1.20490e-002
-5.769500000000e-004	1.12450e-002
-5.717500000000e-004	1.28530e-002
-5.665500000000e-004	1.12450e-002
-5.613500000000e-004	1.04410e-002
-5.561500000000e-004	1.12450e-002
-5.509500000000e-004	1.04410e-002
-5.457500000000e-004	1.20490e-002
-5.405500000000e-004	1.28530e-002
-5.353500000000e-004	1.12450e-002
-5.301500000000e-004	1.12450e-002
-5.249500000000e-004	1.20490e-002
-5.197500000000e-004	1.20490e-002
-5.145500000000e-004	1.20490e-002
-5.093500000000e-004	1.04410e-002
-5.041500000000e-004	1.28530e-002
-4.989500000000e-004	1.20490e-002
-4.937500000000e-004	1.28530e-002
-4.885500000000e-004	1.20490e-002
-4.833500000000e-004	1.12450e-002
-4.781500000000e-004	1.12450e-002
-4.729500000000e-004	1.20490e-002
-4.677500000000e-004	1.20490e-002
-4.625500000000e-004	1.12450e-002
-4.573500000000e-004	1.12450e-002
-4.521500000000e-004	1.20490e-002
-4.469500000000e-004	1.12450e-002
-4.417500000000e-004	1.20490e-002
-4.365500000000e-004	1.20490e-002
-4.313500000000e-004	1.12450e-002
-4.261500000000e-004	1.20490e-002
-4.209500000000e-004	1.20490e-002
-4.157500000000e-004	1.04410e-002
-4.105500000000e-004	1.12450e-002
-4.053500000000e-004	1.04410e-002
-4.001500000000e-004	1.12450e-002
-3.949500000000e-004	1.04410e-002
-3.897500000000e-004	1.12450e-002
-3.845500000000e-004	1.12450e-002
-3.793500000000e-004	1.12450e-002
-3.741500000000e-004	1.20490e-002
-3.689500000000e-004	1.20490e-002
-3.637500000000e-004	1.20490e-002
-3.585500000000e-004	1.04410e-002
-3.533500000000e-004	1.12450e-002
-3.481500000000e-004	1.12450e-002
-3.429500000000e-004	1.12450e-002
-3.377500000000e-004	1.20490e-002
-3.325500000000e-004	1.12450e-002
-3.273500000000e-004	1.04410e-002
-3.221500000000e-004	1.20490e-002
-3.169500000000e-004	1.12450e-002
-3.117500000000e-004	1.12450e-002
-3.065500000000e-004	1.20490e-002
-3.013500000000e-004	1.12450e-002
-2.961500000000e-004	1.20490e-002
-2.909500000000e-004	1.20490e-002
-2.857500000000e-004	1.12450e-002
-2.805500000000e-004	1.04410e-002
-2.753500000000e-004	1.20490e-002
-2.701500000000e-004	1.12450e-002
-2.649500000000e-004	1.20490e-002
-2.597500000000e-004	1.04410e-002
-2.545500000000e-004	1.04410e-002
-2.493500000000e-004	1.12450e-002
-2.441500000000e-004	1.04410e-002
-2.389500000000e-004	1.20490e-002
-2.337500000000e-004	1.20490e-002
-2.285500000000e-004	1.12450e-002
-2.233500000000e-004	1.12450e-002
-2.181500000000e-004	1.20490e-002
-2.129500000000e-004	1.20490e-002
-2.077500000000e-004	1.20490e-002
-2.025500000000e-004	1.12450e-002
-1.973500000000e-004	1.12450e-002
-1.921500000000e-004	1.20490e-002
-1.869500000000e-004	1.12450e-002
-1.817500000000e-004	1.12450e-002
-1.765500000000e-004	1.20490e-002
-1.713500000000e-004	1.20490e-002
-1.661500000000e-004	1.12450e-002
-1.609500000000e-004	1.04410e-002
-1.557500000000e-004	1.12450e-002
-1.505500000000e-004	1.20490e-002
-1.453500000000e-004	1.04410e-002
-1.401500000000e-004	1.12450e-002
-1.349500000000e-004	1.28530e-002
-1.297500000000e-004	1.12450e-002
-1.245500000000e-004	1.20490e-002
-1.193500000000e-004	1.12450e-002
-1.141500000000e-004	1.20490e-002
-1.089500000000e-004	1.20490e-002
-1.037500000000e-004	1.20490e-002
-9.855000000000e-005	1.12450e-002
-9.335000000000e-005	1.20490e-002
-8.815000000000e-005	1.12450e-002
-8.295000000000e-005	1.12450e-002
-7.775000000000e-005	1.20490e-002
-7.255000000000e-005	1.12450e-002
-6.735000000000e-005	1.20490e-002
-6.215000000000e-005	1.04410e-002
-5.695000000000e-005	1.12450e-002
-5.175000000000e-005	1.12450e-002
-4.655000000000e-005	1.28530e-002
-4.135000000000e-005	1.12450e-002
-3.615000000000e-005	1.20490e-002
-3.095000000000e-005	1.20490e-002
-2.575000000000e-005	1.12450e-002
-2.055000000000e-005	1.12450e-002
-1.535000000000e-005	1.28530e-002
-1.015000000000e-005	1.12450e-002
-4.950000000001e-006	1.20490e-002
2.499999999985e-007	1.28530e-002
5.449999999999e-006	1.20490e-002
1.065000000000e-005	1.28530e-002
1.585000000000e-005	1.20490e-002
2.105000000000e-005	1.12450e-002
2.625000000000e-005	1.28530e-002
3.145000000000e-005	1.28530e-002
3.665000000000e-005	1.28530e-002
4.185000000000e-005	1.12450e-002
4.705000000000e-005	1.20490e-002
5.225000000000e-005	1.12450e-002
5.745000000000e-005	1.04410e-002
6.265000000000e-005	1.12450e-002
6.785000000000e-005	1.20490e-002
7.305000000000e-005	1.20490e-002
7.825000000000e-005	1.20490e-002
8.345000000000e-005	1.28530e-002
8.865000000000e-005	1.20490e-002
9.385000000000e-005	1.20490e-002
9.905000000000e-005	1.12450e-002
1.042500000000e-004	1.20490e-002
1.094500000000e-004	1.12450e-002
1.146500000000e-004	1.20490e-002
1.198500000000e-004	1.12450e-002
1.250500000000e-004	1.20490e-002
1.302500000000e-004	1.28530e-002
1.354500000000e-004	1.12450e-002
1.406500000000e-004	1.12450e-002
1.458500000000e-004	1.12450e-002
1.510500000000e-004	1.20490e-002
1.562500000000e-004	1.28530e-002
1.614500000000e-004	1.12450e-002
1.666500000000e-004	1.12450e-002
1.718500000000e-004	1.12450e-002
1.770500000000e-004	1.12450e-002
1.822500000000e-004	1.20490e-002
1.874500000000e-004	1.20490e-002
1.926500000000e-004	1.12450e-002
1.978500000000e-004	1.28530e-002
2.030500000000e-004	1.28530e-002
2.082500000000e-004	1.28530e-002
2.134500000000e-004	1.12450e-002
2.186500000000e-004	1.20490e-002
2.238500000000e-004	1.12450e-002
2.290500000000e-004	1.20490e-002
2.342500000000e-004	1.20490e-002
2.394500000000e-004	1.20490e-002
2.446500000000e-004	1.20490e-002
2.498500000000e-004	1.28530e-002
2.550500000000e-004	1.20490e-002
2.602500000000e-004	1.20490e-002
2.654500000000e-004	1.28530e-002
2.706500000000e-004	1.28530e-002
2.758500000000e-004	1.28530e-002
2.810500000000e-004	1.20490e-002
2.862500000000e-004	1.12450e-002
2.914500000000e-004	1.28530e-002
2.966500000000e-004	1.28530e-002
3.018500000000e-004	1.20490e-002
3.070500000000e-004	1.12450e-002
3.122500000000e-004	1.20490e-002
3.174500000000e-004	1.12450e-002
3.226500000000e-004	1.12450e-002
3.278500000000e-004	1.28530e-002
3.330500000000e-004	1.20490e-002
3.382500000000e-004	1.12450e-002
3.434500000000e-004	1.20490e-002
3.486500000000e-004	1.12450e-002
3.538500000000e-004	1.28530e-002
3.590500000000e-004	1.12450e-002
3.642500000000e-004	1.12450e-002
3.694500000000e-004	1.20490e-002
3.746500000000e-004	1.20490e-002
3.798500000000e-004	1.12450e-002
3.850500000000e-004	1.12450e-002
3.902500000000e-004	1.20490e-002
3.954500000000e-004	1.20490e-002
4.006500000000e-004	1.20490e-002
4.058500000000e-004	1.28530e-002
4.110500000000e-004	1.20490e-002
4.162500000000e-004	1.20490e-002
4.214500000000e-004	1.20490e-002
4.266500000000e-004	1.20490e-002
4.318500000000e-004	1.20490e-002
4.370500000000e-004	1.12450e-002
4.422500000000e-004	1.12450e-002
4.474500000000e-004	1.20490e-002
4.526500000000e-004	1.12450e-002
4.578500000000e-004	1.28530e-002
4.630500000000e-004	1.20490e-002
4.682500000000e-004	1.12450e-002
4.734500000000e-004	1.20490e-002
4.786500000000e-004	1.20490e-002
4.838500000000e-004	1.28530e-002
4.890500000000e-004	1.20490e-002
4.942500000000e-004	1.20490e-002
4.994500000000e-004	1.28530e-002
5.046500000000e-004	1.28530e-002
5.098500000000e-004	1.04410e-002
5.150500000000e-004	1.28530e-002
5.202500000000e-004	1.20490e-002
5.254500000000e-004	1.12450e-002
5.306500000000e-004	1.20490e-002
5.358500000000e-004	1.28530e-002
5.410500000000e-004	1.28530e-002
5.462500000000e-004	1.12450e-002
5.514500000000e-004	1.20490e-002
5.566500000000e-004	1.28530e-002
5.618500000000e-004	1.36570e-002
5.670500000000e-004	1.28530e-002
5.722500000000e-004	1.12450e-002
5.774500000000e-004	1.20490e-002
5.826500000000e-004	1.20490e-002
5.878500000000e-004	1.28530e-002
5.930500000000e-004	1.28530e-002
5.982500000000e-004	1.28530e-002
6.034500000000e-004	1.28530e-002
6.086500000000e-004	1.28530e-002
6.138500000000e-004	1.36570e-002
6.190500000000e-004	1.44611e-002
6.242500000000e-004	1.44611e-002
6.294500000000e-004	1.44611e-002
6.346500000000e-004	1.36570e-002
6.398500000000e-004	1.36570e-002
6.450500000000e-004	1.44611e-002
6.502500000000e-004	1.68731e-002
6.554500000000e-004	1.60691e-002
6.606500000000e-004	1.68731e-002
6.658500000000e-004	1.76771e-002
6.710500000000e-004	1.76771e-002
6.762500000000e-004	1.92852e-002
6.814500000000e-004	1.92852e-002
6.866500000000e-004	2.08932e-002
6.918500000000e-004	2.16972e-002
6.970500000000e-004	2.25013e-002
7.022500000000e-004	2.41093e-002
7.074500000000e-004	2.49133e-002
7.126500000000e-004	2.73254e-002
7.178500000000e-004	2.89334e-002
7.230500000000e-004	3.13455e-002
7.282500000000e-004	3.21495e-002
7.334500000000e-004	3.61696e-002
7.386500000000e-004	3.61696e-002
7.438500000000e-004	4.01897e-002
7.490500000000e-004	4.17977e-002
7.542500000000e-004	4.58178e-002
7.594500000000e-004	4.98379e-002
7.646500000000e-004	5.46621e-002
7.698500000000e-004	5.62701e-002
7.750500000000e-004	5.94862e-002
7.802500000000e-004	6.35063e-002
7.854500000000e-004	6.43103e-002
7.906500000000e-004	6.67224e-002
7.958500000000e-004	6.59183e-002
8.010500000000e-004	6.59183e-002
8.062500000000e-004	6.59183e-002
8.114500000000e-004	6.67224e-002
8.166500000000e-004	6.51143e-002
8.218500000000e-004	6.43103e-002
8.270500000000e-004	6.18982e-002
8.322500000000e-004	6.02902e-002
8.374500000000e-004	5.94862e-002
8.426500000000e-004	5.62701e-002
8.478500000000e-004	5.46621e-002
8.530500000000e-004	5.38580e-002
8.582500000000e-004	4.98379e-002
8.634500000000e-004	4.66219e-002
8.686500000000e-004	4.34058e-002
8.738500000000e-004	3.93857e-002
8.790500000000e-004	3.69736e-002
8.842500000000e-004	3.45616e-002
8.894500000000e-004	3.13455e-002
8.946500000000e-004	3.05415e-002
8.998500000000e-004	2.73254e-002
9.050500000000e-004	2.57173e-002
9.102500000000e-004	2.33053e-002
9.154500000000e-004	2.00892e-002
9.206500000000e-004	2.08932e-002
9.258500000000e-004	1.76771e-002
9.310500000000e-004	1.84812e-002
9.362500000000e-004	1.76771e-002
9.414500000000e-004	1.60691e-002
9.466500000000e-004	1.52651e-002
9.518500000000e-004	1.60691e-002
9.570500000000e-004	1.52651e-002
9.622500000000e-004	1.52651e-002
9.674500000000e-004	1.44611e-002
9.726500000000e-004	1.36570e-002
9.778500000000e-004	1.28530e-002
9.830500000000e-004	1.28530e-002
9.882500000000e-004	1.20490e-002
9.934500000000e-004	1.28530e-002
9.986500000000e-004	1.20490e-002
1.003850000000e-003	1.36570e-002
1.009050000000e-003	1.20490e-002
1.014250000000e-003	1.20490e-002
1.019450000000e-003	1.28530e-002
1.024650000000e-003	1.28530e-002
1.029850000000e-003	1.20490e-002
1.035050000000e-003	1.12450e-002
1.040250000000e-003	1.20490e-002
1.045450000000e-003	1.20490e-002
1.050650000000e-003	1.28530e-002
1.055850000000e-003	1.20490e-002
1.061050000000e-003	1.04410e-002
1.066250000000e-003	1.20490e-002
1.071450000000e-003	1.04410e-002
1.076650000000e-003	1.04410e-002
1.081850000000e-003	1.12450e-002
1.087050000000e-003	1.12450e-002
1.092250000000e-003	1.20490e-002
1.097450000000e-003	1.12450e-002
1.102650000000e-003	1.12450e-002
1.107850000000e-003	1.04410e-002
1.113050000000e-003	1.04410e-002
1.118250000000e-003	1.20490e-002
1.123450000000e-003	1.12450e-002
1.128650000000e-003	1.20490e-002
1.133850000000e-003	1.04410e-002
1.139050000000e-003	1.20490e-002
1.144250000000e-003	1.12450e-002
1.149450000000e-003	1.20490e-002
1.154650000000e-003	1.12450e-002
1.159850000000e-003	1.04410e-002
1.165050000000e-003	1.20490e-002
1.170250000000e-003	1.20490e-002
1.175450000000e-003	1.12450e-002
1.180650000000e-003	1.12450e-002
1.185850000000e-003	1.04410e-002
1.191050000000e-003	1.12450e-002
1.196250000000e-003	1.04410e-002
1.201450000000e-003	9.63693e-003
1.206650000000e-003	1.20490e-002
1.211850000000e-003	1.20490e-002
1.217050000000e-003	1.04410e-002
1.222250000000e-003	9.63693e-003
1.227450000000e-003	1.20490e-002
1.232650000000e-003	1.12450e-002
1.237850000000e-003	1.04410e-002
1.243050000000e-003	1.12450e-002
1.248250000000e-003	1.04410e-002
1.253450000000e-003	1.12450e-002
1.258650000000e-003	1.04410e-002
1.263850000000e-003	1.04410e-002
1.269050000000e-003	1.20490e-002
1.274250000000e-003	1.04410e-002
1.279450000000e-003	1.04410e-002
1.284650000000e-003	1.04410e-002
1.289850000000e-003	1.04410e-002
1.295050000000e-003	1.04410e-002
1.300250000000e-003	1.12450e-002
1.305450000000e-003	1.04410e-002
1.310650000000e-003	1.04410e-002
1.315850000000e-003	1.04410e-002
1.321050000000e-003	1.12450e-002
1.326250000000e-003	1.12450e-002
1.331450000000e-003	1.12450e-002
1.336650000000e-003	1.04410e-002
1.341850000000e-003	1.04410e-002
1.347050000000e-003	1.12450e-002
1.352250000000e-003	1.12450e-002
1.357450000000e-003	1.20490e-002
1.362650000000e-003	1.04410e-002
1.367850000000e-003	9.63693e-003
1.373050000000e-003	1.12450e-002
1.378250000000e-003	1.04410e-002
1.383450000000e-003	1.12450e-002
1.388650000000e-003	1.20490e-002
1.393850000000e-003	1.12450e-002
1.399050000000e-003	1.12450e-002
1.404250000000e-003	1.12450e-002
1.409450000000e-003	1.04410e-002
1.414650000000e-003	1.04410e-002
1.419850000000e-003	1.12450e-002
1.425050000000e-003	1.12450e-002
1.430250000000e-003	1.04410e-002
1.435450000000e-003	1.12450e-002
1.440650000000e-003	1.04410e-002
1.445850000000e-003	1.12450e-002
1.451050000000e-003	1.04410e-002
1.456250000000e-003	1.04410e-002
1.461450000000e-003	1.04410e-002
1.466650000000e-003	1.04410e-002
1.471850000000e-003	1.04410e-002
1.477050000000e-003	1.12450e-002
1.482250000000e-003	9.63693e-003
1.487450000000e-003	1.12450e-002
1.492650000000e-003	9.63693e-003
1.497850000000e-003	1.12450e-002
1.503050000000e-003	1.12450e-002
1.508250000000e-003	1.04410e-002
1.513450000000e-003	1.04410e-002
1.518650000000e-003	1.04410e-002
1.523850000000e-003	1.04410e-002
1.529050000000e-003	1.04410e-002
1.534250000000e-003	1.12450e-002
1.539450000000e-003	1.04410e-002
1.544650000000e-003	1.04410e-002
1.549850000000e-003	1.20490e-002
1.555050000000e-003	1.04410e-002
1.560250000000e-003	1.04410e-002
1.565450000000e-003	1.04410e-002
1.570650000000e-003	1.04410e-002
1.575850000000e-003	1.12450e-002
1.581050000000e-003	1.04410e-002
1.586250000000e-003	1.04410e-002
1.591450000000e-003	1.04410e-002
1.596650000000e-003	9.63693e-003
1.601850000000e-003	1.04410e-002
1.607050000000e-003	1.04410e-002
1.612250000000e-003	9.63693e-003
1.617450000000e-003	1.04410e-002
1.622650000000e-003	1.04410e-002
1.627850000000e-003	1.12450e-002
1.633050000000e-003	9.63693e-003
1.638250000000e-003	1.12450e-002
1.643450000000e-003	1.20490e-002
1.648650000000e-003	1.04410e-002
1.653850000000e-003	1.12450e-002
1.659050000000e-003	1.04410e-002
1.664250000000e-003	1.04410e-002
1.669450000000e-003	1.12450e-002
1.674650000000e-003	1.04410e-002
1.679850000000e-003	8.83292e-003
1.685050000000e-003	1.12450e-002
1.690250000000e-003	1.12450e-002
1.695450000000e-003	1.04410e-002
1.700650000000e-003	9.63693e-003
1.705850000000e-003	9.63693e-003
1.711050000000e-003	1.04410e-002
1.716250000000e-003	9.63693e-003
1.721450000000e-003	1.04410e-002
1.726650000000e-003	9.63693e-003
1.731850000000e-003	1.12450e-002
1.737050000000e-003	1.04410e-002
1.742250000000e-003	1.04410e-002
1.747450000000e-003	1.12450e-002
1.752650000000e-003	1.04410e-002
1.757850000000e-003	1.04410e-002
1.763050000000e-003	1.12450e-002
1.768250000000e-003	9.63693e-003
1.773450000000e-003	1.20490e-002
1.778650000000e-003	1.04410e-002
1.783850000000e-003	1.04410e-002
1.789050000000e-003	1.04410e-002
1.794250000000e-003	1.12450e-002
1.799450000000e-003	1.28530e-002
1.804650000000e-003	1.12450e-002
1.809850000000e-003	1.04410e-002
1.815050000000e-003	1.12450e-002
1.820250000000e-003	1.04410e-002
1.825450000000e-003	1.12450e-002
1.830650000000e-003	9.63693e-003
1.835850000000e-003	1.04410e-002
1.841050000000e-003	1.12450e-002
1.846250000000e-003	1.04410e-002
1.851450000000e-003	9.63693e-003
1.856650000000e-003	1.04410e-002
1.861850000000e-003	1.12450e-002
1.867050000000e-003	9.63693e-003
1.872250000000e-003	9.63693e-003
1.877450000000e-003	9.63693e-003
1.882650000000e-003	1.12450e-002
1.887850000000e-003	1.12450e-002
1.893050000000e-003	1.20490e-002
1.898250000000e-003	1.04410e-002
1.903450000000e-003	9.63693e-003
1.908650000000e-003	1.04410e-002
1.913850000000e-003	1.12450e-002
1.919050000000e-003	1.12450e-002
1.924250000000e-003	1.12450e-002
1.929450000000e-003	1.04410e-002
1.934650000000e-003	1.04410e-002
1.939850000000e-003	1.04410e-002
1.945050000000e-003	9.63693e-003
1.950250000000e-003	1.04410e-002
1.955450000000e-003	1.04410e-002
1.960650000000e-003	1.04410e-002
1.965850000000e-003	1.12450e-002
1.971050000000e-003	1.04410e-002
1.976250000000e-003	1.12450e-002
1.981450000000e-003	1.12450e-002
1.986650000000e-003	9.63693e-003
1.991850000000e-003	1.12450e-002
1.997050000000e-003	9.63693e-003
2.002250000000e-003	9.63693e-003
2.007450000000e-003	1.12450e-002
2.012650000000e-003	9.63693e-003
2.017850000000e-003	8.83292e-003
2.023050000000e-003	1.12450e-002
2.028250000000e-003	1.20490e-002
2.033450000000e-003	1.04410e-002
2.038650000000e-003	1.04410e-002
2.043850000000e-003	9.63693e-003
2.049050000000e-003	1.20490e-002
2.054250000000e-003	1.12450e-002
2.059450000000e-003	1.04410e-002
2.064650000000e-003	1.04410e-002
2.069850000000e-003	1.12450e-002
2.075050000000e-003	1.12450e-002
2.080250000000e-003	1.12450e-002
2.085450000000e-003	9.63693e-003
2.090650000000e-003	1.12450e-002
2.095850000000e-003	1.04410e-002
2.101050000000e-003	1.12450e-002
2.106250000000e-003	1.12450e-002
2.111450000000e-003	1.04410e-002
2.116650000000e-003	1.12450e-002
2.121850000000e-003	1.12450e-002
2.127050000000e-003	1.04410e-002
2.132250000000e-003	9.63693e-003
2.137450000000e-003	1.04410e-002
2.142650000000e-003	1.04410e-002
2.147850000000e-003	1.12450e-002
2.153050000000e-003	9.63693e-003
2.158250000000e-003	1.12450e-002
2.163450000000e-003	1.04410e-002
2.168650000000e-003	1.04410e-002
2.173850000000e-003	1.12450e-002
2.179050000000e-003	1.04410e-002
2.184250000000e-003	1.28530e-002
2.189450000000e-003	1.04410e-002
2.194650000000e-003	1.12450e-002
2.199850000000e-003	1.12450e-002
2.205050000000e-003	1.12450e-002
2.210250000000e-003	1.04410e-002
2.215450000000e-003	1.04410e-002
2.220650000000e-003	1.04410e-002
2.225850000000e-003	1.20490e-002
2.231050000000e-003	1.12450e-002
2.236250000000e-003	1.04410e-002
2.241450000000e-003	1.12450e-002
2.246650000000e-003	1.20490e-002
2.251850000000e-003	1.04410e-002
2.257050000000e-003	1.12450e-002
2.262250000000e-003	1.04410e-002
2.267450000000e-003	1.04410e-002
2.272650000000e-003	1.20490e-002
2.277850000000e-003	1.12450e-002
2.283050000000e-003	1.04410e-002
2.288250000000e-003	1.04410e-002
2.293450000000e-003	1.04410e-002
2.298650000000e-003	1.12450e-002
2.303850000000e-003	1.12450e-002
2.309050000000e-003	1.12450e-002
2.314250000000e-003	1.04410e-002
2.319450000000e-003	1.04410e-002
2.324650000000e-003	1.12450e-002
2.329850000000e-003	1.04410e-002
2.335050000000e-003	1.04410e-002
2.340250000000e-003	1.04410e-002
2.345450000000e-003	1.12450e-002
2.350650000000e-003	1.20490e-002
2.355850000000e-003	1.04410e-002
2.361050000000e-003	1.04410e-002
2.366250000000e-003	1.20490e-002
2.371450000000e-003	1.12450e-002
2.376650000000e-003	1.12450e-002
2.381850000000e-003	1.12450e-002
2.387050000000e-003	1.04410e-002
2.392250000000e-003	1.04410e-002
2.397450000000e-003	9.63693e-003
2.402650000000e-003	1.12450e-002
2.407850000000e-003	1.12450e-002
2.413050000000e-003	1.04410e-002
2.418250000000e-003	1.12450e-002
2.423450000000e-003	1.20490e-002
2.428650000000e-003	1.12450e-002
2.433850000000e-003	1.12450e-002
2.439050000000e-003	1.12450e-002
2.444250000000e-003	1.12450e-002
2.449450000000e-003	1.12450e-002
2.454650000000e-003	1.04410e-002
2.459850000000e-003	1.04410e-002
2.465050000000e-003	1.12450e-002
2.470250000000e-003	1.12450e-002
2.475450000000e-003	1.12450e-002
2.480650000000e-003	9.63693e-003
2.485850000000e-003	9.63693e-003
2.491050000000e-003	1.12450e-002
2.496250000000e-003	1.04410e-002
2.501450000000e-003	1.04410e-002
2.506650000000e-003	1.12450e-002
2.511850000000e-003	1.12450e-002
2.517050000000e-003	9.63693e-003
2.522250000000e-003	1.04410e-002
2.527450000000e-003	1.04410e-002
2.532650000000e-003	1.20490e-002
2.537850000000e-003	1.20490e-002
2.543050000000e-003	1.04410e-002
2.548250000000e-003	1.04410e-002
2.553450000000e-003	1.20490e-002
2.558650000000e-003	1.12450e-002
2.563850000000e-003	9.63693e-003
2.569050000000e-003	1.12450e-002
2.574250000000e-003	1.04410e-002
2.579450000000e-003	1.04410e-002
2.584650000000e-003	1.12450e-002
2.589850000000e-003	1.04410e-002
2.595050000000e-003	1.04410e-002
2.600250000000e-003	1.12450e-002
2.605450000000e-003	1.04410e-002
2.610650000000e-003	1.20490e-002
2.615850000000e-003	1.12450e-002
2.621050000000e-003	1.20490e-002
2.626250000000e-003	1.20490e-002
2.631450000000e-003	1.12450e-002
2.636650000000e-003	1.12450e-002
2.641850000000e-003	1.04410e-002
2.647050000000e-003	1.12450e-002
2.652250000000e-003	1.04410e-002
2.657450000000e-003	1.12450e-002
2.662650000000e-003	1.04410e-002
2.667850000000e-003	1.12450e-002
2.673050000000e-003	1.12450e-002
2.678250000000e-003	1.04410e-002
2.683450000000e-003	1.12450e-002
2.688650000000e-003	1.04410e-002
2.693850000000e-003	9.63693e-003
2.699050000000e-003	1.12450e-002
2.704250000000e-003	1.04410e-002
2.709450000000e-003	1.12450e-002
2.714650000000e-003	1.12450e-002
2.719850000000e-003	9.63693e-003
2.725050000000e-003	1.12450e-002
2.730250000000e-003	1.12450e-002
2.735450000000e-003	1.12450e-002
2.740650000000e-003	1.12450e-002
2.745850000000e-003	1.20490e-002
2.751050000000e-003	1.12450e-002
2.756250000000e-003	1.04410e-002
2.761450000000e-003	1.12450e-002
2.766650000000e-003	1.04410e-002
2.771850000000e-003	1.12450e-002
2.777050000000e-003	1.12450e-002
2.782250000000e-003	1.04410e-002
2.787450000000e-003	1.04410e-002
2.792650000000e-003	1.04410e-002
2.797850000000e-003	1.04410e-002
2.803050000000e-003	1.28530e-002
2.808250000000e-003	1.12450e-002
2.813450000000e-003	1.04410e-002
2.818650000000e-003	9.63693e-003
2.823850000000e-003	1.04410e-002
2.829050000000e-003	1.12450e-002
2.834250000000e-003	1.20490e-002
2.839450000000e-003	1.20490e-002
2.844650000000e-003	1.04410e-002
2.849850000000e-003	1.12450e-002
2.855050000000e-003	9.63693e-003
2.860250000000e-003	1.12450e-002
2.865450000000e-003	1.20490e-002
2.870650000000e-003	1.20490e-002
2.875850000000e-003	1.12450e-002
2.881050000000e-003	1.20490e-002
2.886250000000e-003	1.04410e-002
2.891450000000e-003	1.12450e-002
2.896650000000e-003	1.12450e-002
2.901850000000e-003	1.20490e-002
2.907050000000e-003	1.20490e-002
2.912250000000e-003	1.12450e-002
2.917450000000e-003	1.12450e-002
2.922650000000e-003	1.20490e-002
2.927850000000e-003	1.04410e-002
2.933050000000e-003	1.20490e-002
2.938250000000e-003	1.12450e-002
2.943450000000e-003	1.20490e-002
2.948650000000e-003	1.12450e-002
2.953850000000e-003	1.04410e-002
2.959050000000e-003	1.12450e-002
2.964250000000e-003	1.20490e-002
2.969450000000e-003	1.12450e-002
2.974650000000e-003	1.20490e-002
2.979850000000e-003	1.12450e-002
2.985050000000e-003	1.12450e-002
2.990250000000e-003	1.20490e-002
2.995450000000e-003	1.12450e-002
3.000650000000e-003	1.12450e-002
3.005850000000e-003	1.20490e-002
3.011050000000e-003	1.12450e-002
3.016250000000e-003	1.12450e-002
3.021450000000e-003	1.12450e-002
3.026650000000e-003	1.04410e-002
3.031850000000e-003	1.12450e-002
3.037050000000e-003	1.12450e-002
3.042250000000e-003	1.12450e-002
3.047450000000e-003	1.04410e-002
3.052650000000e-003	1.04410e-002
3.057850000000e-003	1.20490e-002
3.063050000000e-003	1.12450e-002
3.068250000000e-003	1.20490e-002
3.073450000000e-003	1.04410e-002
3.078650000000e-003	1.04410e-002
3.083850000000e-003	1.04410e-002
3.089050000000e-003	1.04410e-002
3.094250000000e-003	1.12450e-002
3.099450000000e-003	1.04410e-002
3.104650000000e-003	1.20490e-002
3.109850000000e-003	1.20490e-002
3.115050000000e-003	1.12450e-002
3.120250000000e-003	1.12450e-002
3.125450000000e-003	1.20490e-002
3.130650000000e-003	1.04410e-002
3.135850000000e-003	1.04410e-002
3.141050000000e-003	1.12450e-002
3.146250000000e-003	1.20490e-002
3.151450000000e-003	1.28530e-002
3.156650000000e-003	1.20490e-002
3.161850000000e-003	1.04410e-002
3.167050000000e-003	1.20490e-002
3.172250000000e-003	1.04410e-002
3.177450000000e-003	1.12450e-002
3.182650000000e-003	1.12450e-002
3.187850000000e-003	1.12450e-002
3.193050000000e-003	1.12450e-002
3.198250000000e-003	1.12450e-002
3.203450000000e-003	1.04410e-002
3.208650000000e-003	1.12450e-002
3.213850000000e-003	1.12450e-002
3.219050000000e-003	1.04410e-002
3.224250000000e-003	1.12450e-002
3.229450000000e-003	1.12450e-002
3.234650000000e-003	1.20490e-002
3.239850000000e-003	1.12450e-002
3.245050000000e-003	1.20490e-002
3.250250000000e-003	1.04410e-002
3.255450000000e-003	1.20490e-002
3.260650000000e-003	1.20490e-002
3.265850000000e-003	1.12450e-002
3.271050000000e-003	1.12450e-002
3.276250000000e-003	1.12450e-002
3.281450000000e-003	1.20490e-002
3.286650000000e-003	1.12450e-002
3.291850000000e-003	1.28530e-002
3.297050000000e-003	1.12450e-002
3.302250000000e-003	1.04410e-002
3.307450000000e-003	1.12450e-002
3.312650000000e-003	1.12450e-002
3.317850000000e-003	1.20490e-002
3.323050000000e-003	1.20490e-002
3.328250000000e-003	1.12450e-002
3.333450000000e-003	1.12450e-002
3.338650000000e-003	1.12450e-002
3.343850000000e-003	1.12450e-002
3.349050000000e-003	1.20490e-002
3.354250000000e-003	1.04410e-002
3.359450000000e-003	1.20490e-002
3.364650000000e-003	1.20490e-002
3.369850000000e-003	1.04410e-002
3.375050000000e-003	1.28530e-002
3.380250000000e-003	1.20490e-002
3.385450000000e-003	1.04410e-002
3.390650000000e-003	1.28530e-002
3.395850000000e-003	1.20490e-002
3.401050000000e-003	1.12450e-002
3.406250000000e-003	1.12450e-002
3.411450000000e-003	1.20490e-002
3.416650000000e-003	1.20490e-002
3.421850000000e-003	1.20490e-002
3.427050000000e-003	1.12450e-002
3.432250000000e-003	1.12450e-002
3.437450000000e-003	1.20490e-002
3.442650000000e-003	1.36570e-002
3.447850000000e-003	1.12450e-002
3.453050000000e-003	1.20490e-002
3.458250000000e-003	1.12450e-002
3.463450000000e-003	1.12450e-002
3.468650000000e-003	1.04410e-002
3.473850000000e-003	1.20490e-002
3.479050000000e-003	1.28530e-002
3.484250000000e-003	1.20490e-002
3.489450000000e-003	1.12450e-002
3.494650000000e-003	1.20490e-002
3.499850000000e-003	1.12450e-002
3.505050000000e-003	1.12450e-002
3.510250000000e-003	1.04410e-002
3.515450000000e-003	1.20490e-002
3.520650000000e-003	1.20490e-002
3.525850000000e-003	1.20490e-002
3.531050000000e-003	1.20490e-002
3.536250000000e-003	1.12450e-002
3.541450000000e-003	1.12450e-002
3.546650000000e-003	1.12450e-002
3.551850000000e-003	1.12450e-002
3.557050000000e-003	1.12450e-002
3.562250000000e-003	1.12450e-002
3.567450000000e-003	1.12450e-002
3.572650000000e-003	1.12450e-002
3.577850000000e-003	1.04410e-002
3.583050000000e-003	1.12450e-002
3.588250000000e-003	1.28530e-002
3.593450000000e-003	1.20490e-002
3.598650000000e-003	1.12450e-002
3.603850000000e-003	1.20490e-002
3.609050000000e-003	1.20490e-002
3.614250000000e-003	1.12450e-002
3.619450000000e-003	1.12450e-002
3.624650000000e-003	1.20490e-002
3.629850000000e-003	1.28530e-002
3.635050000000e-003	1.20490e-002
3.640250000000e-003	1.04410e-002
3.645450000000e-003	1.12450e-002
3.650650000000e-003	1.12450e-002