#time [s]	amplitude [V]
-4.906250000000e-003	-1.21168e-002
-4.901050000000e-003	-1.21168e-002
-4.895850000000e-003	-1.61369e-002
-4.890650000000e-003	-1.61369e-002
-4.885450000000e-003	-1.61369e-002
-4.880250000000e-003	-8.09675e-003
-4.875050000000e-003	-8.09675e-003
-4.869850000000e-003	-1.61369e-002
-4.864650000000e-003	-2.01570e-002
-4.859450000000e-003	-1.61369e-002
-4.854250000000e-003	-1.61369e-002
-4.849050000000e-003	-1.21168e-002
-4.843850000000e-003	-1.61369e-002
-4.838650000000e-003	-2.01570e-002
-4.833450000000e-003	-1.61369e-002
-4.828250000000e-003	-1.61369e-002
-4.823050000000e-003	-2.01570e-002
-4.817850000000e-003	-1.61369e-002
-4.812650000000e-003	-1.61369e-002
-4.807450000000e-003	-1.61369e-002
-4.802250000000e-003	-1.61369e-002
-4.797050000000e-003	-2.01570e-002
-4.791850000000e-003	-1.61369e-002
-4.786650000000e-003	-1.61369e-002
-4.781450000000e-003	-1.61369e-002
-4.776250000000e-003	-1.61369e-002
-4.771050000000e-003	-1.61369e-002
-4.765850000000e-003	-1.61369e-002
-4.760650000000e-003	-2.01570e-002
-4.755450000000e-003	-1.61369e-002
-4.750250000000e-003	-2.01570e-002
-4.745050000000e-003	-1.61369e-002
-4.739850000000e-003	-1.61369e-002
-4.734650000000e-003	-1.61369e-002
-4.729450000000e-003	-2.01570e-002
-4.724250000000e-003	-2.01570e-002
-4.719050000000e-003	-2.01570e-002
-4.713850000000e-003	-1.61369e-002
-4.708650000000e-003	-2.01570e-002
-4.703450000000e-003	-2.01570e-002
-4.698250000000e-003	-1.61369e-002
-4.693050000000e-003	-2.01570e-002
-4.687850000000e-003	-1.61369e-002
-4.682650000000e-003	-1.61369e-002
-4.677450000000e-003	-2.01570e-002
-4.672250000000e-003	-2.01570e-002
-4.667050000000e-003	-2.01570e-002
-4.661850000000e-003	-2.41771e-002
-4.656650000000e-003	-1.61369e-002
-4.651450000000e-003	-2.01570e-002
-4.646250000000e-003	-2.41771e-002
-4.641050000000e-003	-2.01570e-002
-4.635850000000e-003	-2.01570e-002
-4.630650000000e-003	-1.61369e-002
-4.625450000000e-003	-2.01570e-002
-4.620250000000e-003	-1.61369e-002
-4.615050000000e-003	-1.61369e-002
-4.609850000000e-003	-2.01570e-002
-4.604650000000e-003	-2.01570e-002
-4.599450000000e-003	-2.01570e-002
-4.594250000000e-003	-1.61369e-002
-4.589050000000e-003	-1.61369e-002
-4.583850000000e-003	-1.61369e-002
-4.578650000000e-003	-1.61369e-002
-4.573450000000e-003	-1.61369e-002
-4.568250000000e-003	-1.21168e-002
-4.563050000000e-003	-1.61369e-002
-4.557850000000e-003	-1.61369e-002
-4.552650000000e-003	-1.61369e-002
-4.547450000000e-003	-1.61369e-002
-4.542250000000e-003	-1.61369e-002
-4.537050000000e-003	-1.61369e-002
-4.531850000000e-003	-2.01570e-002
-4.526650000000e-003	-2.41771e-002
-4.521450000000e-003	-1.61369e-002
-4.516250000000e-003	-1.61369e-002
-4.511050000000e-003	-1.61369e-002
-4.505850000000e-003	-1.61369e-002
-4.500650000000e-003	-2.01570e-002
-4.495450000000e-003	-2.01570e-002
-4.490250000000e-003	-1.61369e-002
-4.485050000000e-003	-1.61369e-002
-4.479850000000e-003	-2.01570e-002
-4.474650000000e-003	-2.01570e-002
-4.469450000000e-003	-1.61369e-002
-4.464250000000e-003	-2.01570e-002
-4.459050000000e-003	-2.01570e-002
-4.453850000000e-003	-2.41771e-002
-4.448650000000e-003	-2.01570e-002
-4.443450000000e-003	-2.01570e-002
-4.438250000000e-003	-2.41771e-002
-4.433050000000e-003	-2.01570e-002
-4.427850000000e-003	-2.41771e-002
-4.422650000000e-003	-2.01570e-002
-4.417450000000e-003	-1.61369e-002
-4.412250000000e-003	-2.01570e-002
-4.407050000000e-003	-2.01570e-002
-4.401850000000e-003	-1.61369e-002
-4.396650000000e-003	-1.61369e-002
-4.391450000000e-003	-2.01570e-002
-4.386250000000e-003	-1.61369e-002
-4.381050000000e-003	-1.61369e-002
-4.375850000000e-003	-1.61369e-002
-4.370650000000e-003	-2.01570e-002
-4.365450000000e-003	-1.61369e-002
-4.360250000000e-003	-2.01570e-002
-4.355050000000e-003	-2.41771e-002
-4.349850000000e-003	-1.61369e-002
-4.344650000000e-003	-1.61369e-002
-4.339450000000e-003	-2.01570e-002
-4.334250000000e-003	-2.01570e-002
-4.329050000000e-003	-1.61369e-002
-4.323850000000e-003	-1.61369e-002
-4.318650000000e-003	-2.01570e-002
-4.313450000000e-003	-1.61369e-002
-4.308250000000e-003	-1.61369e-002
-4.303050000000e-003	-1.61369e-002
-4.297850000000e-003	-2.01570e-002
-4.292650000000e-003	-2.01570e-002
-4.287450000000e-003	-2.41771e-002
-4.282250000000e-003	-2.41771e-002
-4.277050000000e-003	-2.41771e-002
-4.271850000000e-003	-2.01570e-002
-4.266650000000e-003	-2.01570e-002
-4.261450000000e-003	-2.01570e-002
-4.256250000000e-003	-2.01570e-002
-4.251050000000e-003	-1.61369e-002
-4.245850000000e-003	-1.61369e-002
-4.240650000000e-003	-2.01570e-002
-4.235450000000e-003	-2.01570e-002
-4.230250000000e-003	-2.41771e-002
-4.225050000000e-003	-2.01570e-002
-4.219850000000e-003	-2.01570e-002
-4.214650000000e-003	-2.01570e-002
-4.209450000000e-003	-2.01570e-002
-4.204250000000e-003	-1.61369e-002
-4.199050000000e-003	-2.01570e-002
-4.193850000000e-003	-1.61369e-002
-4.188650000000e-003	-1.61369e-002
-4.183450000000e-003	-1.61369e-002
-4.178250000000e-003	-2.01570e-002
-4.173050000000e-003	-2.01570e-002
-4.167850000000e-003	-2.01570e-002
-4.162650000000e-003	-1.61369e-002
-4.157450000000e-003	-2.41771e-002
-4.152250000000e-003	-2.41771e-002
-4.147050000000e-003	-1.61369e-002
-4.141850000000e-003	-1.61369e-002
-4.136650000000e-003	-2.41771e-002
-4.131450000000e-003	-1.61369e-002
-4.126250000000e-003	-2.01570e-002
-4.121050000000e-003	-2.01570e-002
-4.115850000000e-003	-2.01570e-002
-4.110650000000e-003	-1.61369e-002
-4.105450000000e-003	-2.01570e-002
-4.100250000000e-003	-2.41771e-002
-4.095050000000e-003	-2.01570e-002
-4.089850000000e-003	-2.01570e-002
-4.084650000000e-003	-2.41771e-002
-4.079450000000e-003	-1.61369e-002
-4.074250000000e-003	-2.41771e-002
-4.069050000000e-003	-2.01570e-002
-4.063850000000e-003	-2.01570e-002
-4.058650000000e-003	-2.01570e-002
-4.053450000000e-003	-2.01570e-002
-4.048250000000e-003	-2.01570e-002
-4.043050000000e-003	-2.01570e-002
-4.037850000000e-003	-2.41771e-002
-4.032650000000e-003	-2.41771e-002
-4.027450000000e-003	-1.61369e-002
-4.022250000000e-003	-2.01570e-002
-4.017050000000e-003	-2.01570e-002
-4.011850000000e-003	-2.01570e-002
-4.006650000000e-003	-2.01570e-002
-4.001450000000e-003	-1.61369e-002
-3.996250000000e-003	-2.01570e-002
-3.991050000000e-003	-2.01570e-002
-3.985850000000e-003	-2.41771e-002
-3.980650000000e-003	-2.01570e-002
-3.975450000000e-003	-2.01570e-002
-3.970250000000e-003	-2.01570e-002
-3.965050000000e-003	-2.01570e-002
-3.959850000000e-003	-2.41771e-002
-3.954650000000e-003	-1.61369e-002
-3.949450000000e-003	-2.01570e-002
-3.944250000000e-003	-1.21168e-002
-3.939050000000e-003	-2.01570e-002
-3.933850000000e-003	-1.61369e-002
-3.928650000000e-003	-2.01570e-002
-3.923450000000e-003	-2.41771e-002
-3.918250000000e-003	-1.61369e-002
-3.913050000000e-003	-1.61369e-002
-3.907850000000e-003	-1.61369e-002
-3.902650000000e-003	-2.01570e-002
-3.897450000000e-003	-2.01570e-002
-3.892250000000e-003	-2.01570e-002
-3.887050000000e-003	-2.01570e-002
-3.881850000000e-003	-2.01570e-002
-3.876650000000e-003	-2.41771e-002
-3.871450000000e-003	-2.01570e-002
-3.866250000000e-003	-2.41771e-002
-3.861050000000e-003	-2.41771e-002
-3.855850000000e-003	-2.41771e-002
-3.850650000000e-003	-2.41771e-002
-3.845450000000e-003	-1.61369e-002
-3.840250000000e-003	-1.61369e-002
-3.835050000000e-003	-1.61369e-002
-3.829850000000e-003	-2.01570e-002
-3.824650000000e-003	-1.61369e-002
-3.819450000000e-003	-2.01570e-002
-3.814250000000e-003	-2.01570e-002
-3.809050000000e-003	-2.01570e-002
-3.803850000000e-003	-2.01570e-002
-3.798650000000e-003	-2.01570e-002
-3.793450000000e-003	-1.61369e-002
-3.788250000000e-003	-1.61369e-002
-3.783050000000e-003	-2.41771e-002
-3.777850000000e-003	-1.61369e-002
-3.772650000000e-003	-2.41771e-002
-3.767450000000e-003	-2.01570e-002
-3.762250000000e-003	-2.01570e-002
-3.757050000000e-003	-2.01570e-002
-3.751850000000e-003	-1.61369e-002
-3.746650000000e-003	-2.01570e-002
-3.741450000000e-003	-2.01570e-002
-3.736250000000e-003	-2.01570e-002
-3.731050000000e-003	-2.01570e-002
-3.725850000000e-003	-2.41771e-002
-3.720650000000e-003	-1.61369e-002
-3.715450000000e-003	-2.41771e-002
-3.710250000000e-003	-2.41771e-002
-3.705050000000e-003	-2.01570e-002
-3.699850000000e-003	-1.61369e-002
-3.694650000000e-003	-1.61369e-002
-3.689450000000e-003	-2.01570e-002
-3.684250000000e-003	-2.41771e-002
-3.679050000000e-003	-2.41771e-002
-3.673850000000e-003	-1.61369e-002
-3.668650000000e-003	-2.01570e-002
-3.663450000000e-003	-2.01570e-002
-3.658250000000e-003	-1.61369e-002
-3.653050000000e-003	-2.01570e-002
-3.647850000000e-003	-1.61369e-002
-3.642650000000e-003	-2.01570e-002
-3.637450000000e-003	-1.61369e-002
-3.632250000000e-003	-1.61369e-002
-3.627050000000e-003	-2.41771e-002
-3.621850000000e-003	-2.01570e-002
-3.616650000000e-003	-2.01570e-002
-3.611450000000e-003	-2.01570e-002
-3.606250000000e-003	-2.01570e-002
-3.601050000000e-003	-2.01570e-002
-3.595850000000e-003	-1.61369e-002
-3.590650000000e-003	-2.01570e-002
-3.585450000000e-003	-1.61369e-002
-3.580250000000e-003	-1.61369e-002
-3.575050000000e-003	-1.61369e-002
-3.569850000000e-003	-2.41771e-002
-3.564650000000e-003	-2.01570e-002
-3.559450000000e-003	-1.61369e-002
-3.554250000000e-003	-2.01570e-002
-3.549050000000e-003	-2.01570e-002
-3.543850000000e-003	-1.61369e-002
-3.538650000000e-003	-1.61369e-002
-3.533450000000e-003	-1.61369e-002
-3.528250000000e-003	-2.01570e-002
-3.523050000000e-003	-1.61369e-002
-3.517850000000e-003	-2.01570e-002
-3.512650000000e-003	-2.41771e-002
-3.507450000000e-003	-2.41771e-002
-3.502250000000e-003	-1.61369e-002
-3.497050000000e-003	-2.01570e-002
-3.491850000000e-003	-2.41771e-002
-3.486650000000e-003	-1.61369e-002
-3.481450000000e-003	-2.41771e-002
-3.476250000000e-003	-2.01570e-002
-3.471050000000e-003	-1.61369e-002
-3.465850000000e-003	-2.01570e-002
-3.460650000000e-003	-2.01570e-002
-3.455450000000e-003	-1.61369e-002
-3.450250000000e-003	-2.01570e-002
-3.445050000000e-003	-1.61369e-002
-3.439850000000e-003	-2.41771e-002
-3.434650000000e-003	-2.01570e-002
-3.429450000000e-003	-1.61369e-002
-3.424250000000e-003	-2.01570e-002
-3.419050000000e-003	-1.61369e-002
-3.413850000000e-003	-2.01570e-002
-3.408650000000e-003	-1.61369e-002
-3.403450000000e-003	-2.01570e-002
-3.398250000000e-003	-2.01570e-002
-3.393050000000e-003	-2.01570e-002
-3.387850000000e-003	-2.01570e-002
-3.382650000000e-003	-1.61369e-002
-3.377450000000e-003	-2.01570e-002
-3.372250000000e-003	-2.01570e-002
-3.367050000000e-003	-1.61369e-002
-3.361850000000e-003	-2.01570e-002
-3.356650000000e-003	-2.01570e-002
-3.351450000000e-003	-1.61369e-002
-3.346250000000e-003	-1.61369e-002
-3.341050000000e-003	-2.01570e-002
-3.335850000000e-003	-2.01570e-002
-3.330650000000e-003	-2.01570e-002
-3.325450000000e-003	-2.01570e-002
-3.320250000000e-003	-2.01570e-002
-3.315050000000e-003	-2.01570e-002
-3.309850000000e-003	-1.61369e-002
-3.304650000000e-003	-2.41771e-002
-3.299450000000e-003	-1.61369e-002
-3.294250000000e-003	-2.41771e-002
-3.289050000000e-003	-2.01570e-002
-3.283850000000e-003	-1.61369e-002
-3.278650000000e-003	-2.01570e-002
-3.273450000000e-003	-2.01570e-002
-3.268250000000e-003	-2.01570e-002
-3.263050000000e-003	-2.01570e-002
-3.257850000000e-003	-1.61369e-002
-3.252650000000e-003	-2.01570e-002
-3.247450000000e-003	-2.41771e-002
-3.242250000000e-003	-2.01570e-002
-3.237050000000e-003	-2.41771e-002
-3.231850000000e-003	-2.01570e-002
-3.226650000000e-003	-1.61369e-002
-3.221450000000e-003	-2.01570e-002
-3.216250000000e-003	-2.01570e-002
-3.211050000000e-003	-2.01570e-002
-3.205850000000e-003	-2.41771e-002
-3.200650000000e-003	-2.01570e-002
-3.195450000000e-003	-2.01570e-002
-3.190250000000e-003	-2.01570e-002
-3.185050000000e-003	-2.41771e-002
-3.179850000000e-003	-1.61369e-002
-3.174650000000e-003	-2.01570e-002
-3.169450000000e-003	-2.01570e-002
-3.164250000000e-003	-2.41771e-002
-3.159050000000e-003	-1.61369e-002
-3.153850000000e-003	-2.01570e-002
-3.148650000000e-003	-2.01570e-002
-3.143450000000e-003	-2.01570e-002
-3.138250000000e-003	-1.61369e-002
-3.133050000000e-003	-2.01570e-002
-3.127850000000e-003	-2.01570e-002
-3.122650000000e-003	-1.61369e-002
-3.117450000000e-003	-2.41771e-002
-3.112250000000e-003	-2.01570e-002
-3.107050000000e-003	-1.61369e-002
-3.101850000000e-003	-1.61369e-002
-3.096650000000e-003	-2.01570e-002
-3.091450000000e-003	-2.01570e-002
-3.086250000000e-003	-1.61369e-002
-3.081050000000e-003	-2.81973e-002
-3.075850000000e-003	-2.01570e-002
-3.070650000000e-003	-1.61369e-002
-3.065450000000e-003	-2.01570e-002
-3.060250000000e-003	-1.61369e-002
-3.055050000000e-003	-1.61369e-002
-3.049850000000e-003	-2.41771e-002
-3.044650000000e-003	-2.41771e-002
-3.039450000000e-003	-1.61369e-002
-3.034250000000e-003	-2.01570e-002
-3.029050000000e-003	-2.01570e-002
-3.023850000000e-003	-2.01570e-002
-3.018650000000e-003	-2.01570e-002
-3.013450000000e-003	-1.61369e-002
-3.008250000000e-003	-1.61369e-002
-3.003050000000e-003	-2.01570e-002
-2.997850000000e-003	-2.01570e-002
-2.992650000000e-003	-2.01570e-002
-2.987450000000e-003	-2.41771e-002
-2.982250000000e-003	-1.61369e-002
-2.977050000000e-003	-1.61369e-002
-2.971850000000e-003	-1.61369e-002
-2.966650000000e-003	-2.01570e-002
-2.961450000000e-003	-1.61369e-002
-2.956250000000e-003	-2.01570e-002
-2.951050000000e-003	-2.01570e-002
-2.945850000000e-003	-2.41771e-002
-2.940650000000e-003	-2.01570e-002
-2.935450000000e-003	-2.41771e-002
-2.930250000000e-003	-2.01570e-002
-2.925050000000e-003	-2.01570e-002
-2.919850000000e-003	-1.61369e-002
-2.914650000000e-003	-2.01570e-002
-2.909450000000e-003	-2.41771e-002
-2.904250000000e-003	-2.01570e-002
-2.899050000000e-003	-2.01570e-002
-2.893850000000e-003	-1.61369e-002
-2.888650000000e-003	-2.41771e-002
-2.883450000000e-003	-2.01570e-002
-2.878250000000e-003	-2.41771e-002
-2.873050000000e-003	-2.01570e-002
-2.867850000000e-003	-1.61369e-002
-2.862650000000e-003	-2.01570e-002
-2.857450000000e-003	-2.01570e-002
-2.852250000000e-003	-2.01570e-002
-2.847050000000e-003	-2.01570e-002
-2.841850000000e-003	-2.01570e-002
-2.836650000000e-003	-2.01570e-002
-2.831450000000e-003	-2.01570e-002
-2.826250000000e-003	-1.61369e-002
-2.821050000000e-003	-2.01570e-002
-2.815850000000e-003	-2.41771e-002
-2.810650000000e-003	-2.01570e-002
-2.805450000000e-003	-1.61369e-002
-2.800250000000e-003	-2.01570e-002
-2.795050000000e-003	-1.61369e-002
-2.789850000000e-003	-1.61369e-002
-2.784650000000e-003	-2.01570e-002
-2.779450000000e-003	-2.01570e-002
-2.774250000000e-003	-2.01570e-002
-2.769050000000e-003	-2.01570e-002
-2.763850000000e-003	-1.61369e-002
-2.758650000000e-003	-1.61369e-002
-2.753450000000e-003	-2.01570e-002
-2.748250000000e-003	-2.01570e-002
-2.743050000000e-003	-2.01570e-002
-2.737850000000e-003	-2.01570e-002
-2.732650000000e-003	-2.01570e-002
-2.727450000000e-003	-1.61369e-002
-2.722250000000e-003	-2.01570e-002
-2.717050000000e-003	-2.01570e-002
-2.711850000000e-003	-2.41771e-002
-2.706650000000e-003	-1.61369e-002
-2.701450000000e-003	-1.61369e-002
-2.696250000000e-003	-2.01570e-002
-2.691050000000e-003	-2.01570e-002
-2.685850000000e-003	-1.61369e-002
-2.680650000000e-003	-1.61369e-002
-2.675450000000e-003	-2.01570e-002
-2.670250000000e-003	-2.01570e-002
-2.665050000000e-003	-2.01570e-002
-2.659850000000e-003	-2.41771e-002
-2.654650000000e-003	-2.01570e-002
-2.649450000000e-003	-2.01570e-002
-2.644250000000e-003	-2.01570e-002
-2.639050000000e-003	-2.01570e-002
-2.633850000000e-003	-1.61369e-002
-2.628650000000e-003	-2.01570e-002
-2.623450000000e-003	-2.01570e-002
-2.618250000000e-003	-1.61369e-002
-2.613050000000e-003	-2.01570e-002
-2.607850000000e-003	-2.41771e-002
-2.602650000000e-003	-1.61369e-002
-2.597450000000e-003	-2.01570e-002
-2.592250000000e-003	-1.61369e-002
-2.587050000000e-003	-1.61369e-002
-2.581850000000e-003	-1.61369e-002
-2.576650000000e-003	-1.61369e-002
-2.571450000000e-003	-1.61369e-002
-2.566250000000e-003	-1.61369e-002
-2.561050000000e-003	-1.61369e-002
-2.555850000000e-003	-2.01570e-002
-2.550650000000e-003	-2.01570e-002
-2.545450000000e-003	-2.41771e-002
-2.540250000000e-003	-2.01570e-002
-2.535050000000e-003	-2.41771e-002
-2.529850000000e-003	-2.01570e-002
-2.524650000000e-003	-2.01570e-002
-2.519450000000e-003	-2.01570e-002
-2.514250000000e-003	-2.01570e-002
-2.509050000000e-003	-2.41771e-002
-2.503850000000e-003	-2.41771e-002
-2.498650000000e-003	-2.41771e-002
-2.493450000000e-003	-1.61369e-002
-2.488250000000e-003	-1.61369e-002
-2.483050000000e-003	-1.61369e-002
-2.477850000000e-003	-2.01570e-002
-2.472650000000e-003	-2.01570e-002
-2.467450000000e-003	-1.61369e-002
-2.462250000000e-003	-2.41771e-002
-2.457050000000e-003	-2.01570e-002
-2.451850000000e-003	-1.61369e-002
-2.446650000000e-003	-2.01570e-002
-2.441450000000e-003	-1.61369e-002
-2.436250000000e-003	-2.01570e-002
-2.431050000000e-003	-2.01570e-002
-2.425850000000e-003	-2.01570e-002
-2.420650000000e-003	-2.01570e-002
-2.415450000000e-003	-2.41771e-002
-2.410250000000e-003	-1.61369e-002
-2.405050000000e-003	-2.41771e-002
-2.399850000000e-003	-2.01570e-002
-2.394650000000e-003	-2.41771e-002
-2.389450000000e-003	-2.01570e-002
-2.384250000000e-003	-2.01570e-002
-2.379050000000e-003	-2.01570e-002
-2.373850000000e-003	-2.01570e-002
-2.368650000000e-003	-1.61369e-002
-2.363450000000e-003	-2.01570e-002
-2.358250000000e-003	-2.41771e-002
-2.353050000000e-003	-1.61369e-002
-2.347850000000e-003	-2.41771e-002
-2.342650000000e-003	-2.01570e-002
-2.337450000000e-003	-2.01570e-002
-2.332250000000e-003	-2.01570e-002
-2.327050000000e-003	-2.01570e-002
-2.321850000000e-003	-2.41771e-002
-2.316650000000e-003	-1.61369e-002
-2.311450000000e-003	-2.01570e-002
-2.306250000000e-003	-1.61369e-002
-2.301050000000e-003	-2.41771e-002
-2.295850000000e-003	-2.01570e-002
-2.290650000000e-003	-2.01570e-002
-2.285450000000e-003	-2.41771e-002
-2.280250000000e-003	-2.01570e-002
-2.275050000000e-003	-2.41771e-002
-2.269850000000e-003	-2.01570e-002
-2.264650000000e-003	-2.01570e-002
-2.259450000000e-003	-2.01570e-002
-2.254250000000e-003	-2.41771e-002
-2.249050000000e-003	-1.61369e-002
-2.243850000000e-003	-1.61369e-002
-2.238650000000e-003	-2.01570e-002
-2.233450000000e-003	-2.01570e-002
-2.228250000000e-003	-2.01570e-002
-2.223050000000e-003	-2.01570e-002
-2.217850000000e-003	-1.61369e-002
-2.212650000000e-003	-2.41771e-002
-2.207450000000e-003	-1.61369e-002
-2.202250000000e-003	-1.61369e-002
-2.197050000000e-003	-1.61369e-002
-2.191850000000e-003	-1.61369e-002
-2.186650000000e-003	-1.61369e-002
-2.181450000000e-003	-2.41771e-002
-2.176250000000e-003	-2.41771e-002
-2.171050000000e-003	-2.01570e-002
-2.165850000000e-003	-2.01570e-002
-2.160650000000e-003	-1.61369e-002
-2.155450000000e-003	-1.61369e-002
-2.150250000000e-003	-2.01570e-002
-2.145050000000e-003	-2.01570e-002
-2.139850000000e-003	-1.61369e-002
-2.134650000000e-003	-2.01570e-002
-2.129450000000e-003	-2.41771e-002
-2.124250000000e-003	-2.01570e-002
-2.119050000000e-003	-2.01570e-002
-2.113850000000e-003	-1.61369e-002
-2.108650000000e-003	-2.41771e-002
-2.103450000000e-003	-2.01570e-002
-2.098250000000e-003	-2.01570e-002
-2.093050000000e-003	-2.01570e-002
-2.087850000000e-003	-2.01570e-002
-2.082650000000e-003	-2.01570e-002
-2.077450000000e-003	-2.01570e-002
-2.072250000000e-003	-1.61369e-002
-2.067050000000e-003	-1.61369e-002
-2.061850000000e-003	-1.61369e-002
-2.056650000000e-003	-1.61369e-002
-2.051450000000e-003	-2.41771e-002
-2.046250000000e-003	-1.21168e-002
-2.041050000000e-003	-1.61369e-002
-2.035850000000e-003	-2.41771e-002
-2.030650000000e-003	-1.61369e-002
-2.025450000000e-003	-2.41771e-002
-2.020250000000e-003	-2.01570e-002
-2.015050000000e-003	-1.61369e-002
-2.009850000000e-003	-2.01570e-002
-2.004650000000e-003	-1.61369e-002
-1.999450000000e-003	-1.61369e-002
-1.994250000000e-003	-1.61369e-002
-1.989050000000e-003	-2.01570e-002
-1.983850000000e-003	-1.61369e-002
-1.978650000000e-003	-2.01570e-002
-1.973450000000e-003	-2.01570e-002
-1.968250000000e-003	-1.61369e-002
-1.963050000000e-003	-1.61369e-002
-1.957850000000e-003	-1.61369e-002
-1.952650000000e-003	-2.01570e-002
-1.947450000000e-003	-1.61369e-002
-1.942250000000e-003	-2.01570e-002
-1.937050000000e-003	-2.01570e-002
-1.931850000000e-003	-2.01570e-002
-1.926650000000e-003	-1.61369e-002
-1.921450000000e-003	-2.01570e-002
-1.916250000000e-003	-2.01570e-002
-1.911050000000e-003	-2.01570e-002
-1.905850000000e-003	-2.01570e-002
-1.900650000000e-003	-1.61369e-002
-1.895450000000e-003	-1.61369e-002
-1.890250000000e-003	-1.61369e-002
-1.885050000000e-003	-2.01570e-002
-1.879850000000e-003	-1.61369e-002
-1.874650000000e-003	-1.61369e-002
-1.869450000000e-003	-1.61369e-002
-1.864250000000e-003	-1.21168e-002
-1.859050000000e-003	-2.41771e-002
-1.853850000000e-003	-2.01570e-002
-1.848650000000e-003	-1.61369e-002
-1.843450000000e-003	-1.61369e-002
-1.838250000000e-003	-2.01570e-002
-1.833050000000e-003	-2.01570e-002
-1.827850000000e-003	-2.01570e-002
-1.822650000000e-003	-1.61369e-002
-1.817450000000e-003	-2.01570e-002
-1.812250000000e-003	-1.61369e-002
-1.807050000000e-003	-2.01570e-002
-1.801850000000e-003	-1.61369e-002
-1.796650000000e-003	-2.01570e-002
-1.791450000000e-003	-1.61369e-002
-1.786250000000e-003	-2.01570e-002
-1.781050000000e-003	-2.01570e-002
-1.775850000000e-003	-1.61369e-002
-1.770650000000e-003	-1.61369e-002
-1.765450000000e-003	-1.61369e-002
-1.760250000000e-003	-1.61369e-002
-1.755050000000e-003	-1.61369e-002
-1.749850000000e-003	-1.61369e-002
-1.744650000000e-003	-1.61369e-002
-1.739450000000e-003	-1.61369e-002
-1.734250000000e-003	-1.61369e-002
-1.729050000000e-003	-1.61369e-002
-1.723850000000e-003	-1.61369e-002
-1.718650000000e-003	-2.41771e-002
-1.713450000000e-003	-1.61369e-002
-1.708250000000e-003	-2.01570e-002
-1.703050000000e-003	-2.01570e-002
-1.697850000000e-003	-2.01570e-002
-1.692650000000e-003	-1.61369e-002
-1.687450000000e-003	-1.61369e-002
-1.682250000000e-003	-2.01570e-002
-1.677050000000e-003	-1.61369e-002
-1.671850000000e-003	-2.01570e-002
-1.666650000000e-003	-2.01570e-002
-1.661450000000e-003	-2.01570e-002
-1.656250000000e-003	-1.61369e-002
-1.651050000000e-003	-1.61369e-002
-1.645850000000e-003	-1.61369e-002
-1.640650000000e-003	-2.01570e-002
-1.635450000000e-003	-2.01570e-002
-1.630250000000e-003	-1.61369e-002
-1.625050000000e-003	-2.01570e-002
-1.619850000000e-003	-1.61369e-002
-1.614650000000e-003	-1.61369e-002
-1.609450000000e-003	-2.01570e-002
-1.604250000000e-003	-2.01570e-002
-1.599050000000e-003	-1.61369e-002
-1.593850000000e-003	-2.01570e-002
-1.588650000000e-003	-1.61369e-002
-1.583450000000e-003	-1.61369e-002
-1.578250000000e-003	-1.61369e-002
-1.573050000000e-003	-1.61369e-002
-1.567850000000e-003	-1.61369e-002
-1.562650000000e-003	-2.01570e-002
-1.557450000000e-003	-2.01570e-002
-1.552250000000e-003	-2.01570e-002
-1.547050000000e-003	-1.61369e-002
-1.541850000000e-003	-2.01570e-002
-1.536650000000e-003	-1.61369e-002
-1.531450000000e-003	-1.61369e-002
-1.526250000000e-003	-1.61369e-002
-1.521050000000e-003	-1.61369e-002
-1.515850000000e-003	-1.61369e-002
-1.510650000000e-003	-2.01570e-002
-1.505450000000e-003	-1.21168e-002
-1.500250000000e-003	-1.61369e-002
-1.495050000000e-003	-1.61369e-002
-1.489850000000e-003	-1.61369e-002
-1.484650000000e-003	-1.61369e-002
-1.479450000000e-003	-1.61369e-002
-1.474250000000e-003	-2.01570e-002
-1.469050000000e-003	-1.61369e-002
-1.463850000000e-003	-1.61369e-002
-1.458650000000e-003	-1.61369e-002
-1.453450000000e-003	-2.01570e-002
-1.448250000000e-003	-2.01570e-002
-1.443050000000e-003	-1.61369e-002
-1.437850000000e-003	-1.61369e-002
-1.432650000000e-003	-1.61369e-002
-1.427450000000e-003	-1.61369e-002
-1.422250000000e-003	-1.61369e-002
-1.417050000000e-003	-2.01570e-002
-1.411850000000e-003	-1.61369e-002
-1.406650000000e-003	-2.01570e-002
-1.401450000000e-003	-2.41771e-002
-1.396250000000e-003	-2.01570e-002
-1.391050000000e-003	-2.01570e-002
-1.385850000000e-003	-1.61369e-002
-1.380650000000e-003	-2.01570e-002
-1.375450000000e-003	-1.21168e-002
-1.370250000000e-003	-2.01570e-002
-1.365050000000e-003	-2.01570e-002
-1.359850000000e-003	-2.01570e-002
-1.354650000000e-003	-1.61369e-002
-1.349450000000e-003	-2.01570e-002
-1.344250000000e-003	-1.61369e-002
-1.339050000000e-003	-2.01570e-002
-1.333850000000e-003	-2.01570e-002
-1.328650000000e-003	-1.61369e-002
-1.323450000000e-003	-2.01570e-002
-1.318250000000e-003	-2.01570e-002
-1.313050000000e-003	-1.61369e-002
-1.307850000000e-003	-2.01570e-002
-1.302650000000e-003	-1.61369e-002
-1.297450000000e-003	-1.61369e-002
-1.292250000000e-003	-1.61369e-002
-1.287050000000e-003	-2.01570e-002
-1.281850000000e-003	-1.61369e-002
-1.276650000000e-003	-2.01570e-002
-1.271450000000e-003	-1.61369e-002
-1.266250000000e-003	-1.61369e-002
-1.261050000000e-003	-1.61369e-002
-1.255850000000e-003	-2.01570e-002
-1.250650000000e-003	-1.61369e-002
-1.245450000000e-003	-2.01570e-002
-1.240250000000e-003	-1.61369e-002
-1.235050000000e-003	-1.21168e-002
-1.229850000000e-003	-2.01570e-002
-1.224650000000e-003	-2.01570e-002
-1.219450000000e-003	-1.61369e-002
-1.214250000000e-003	-2.01570e-002
-1.209050000000e-003	-1.61369e-002
-1.203850000000e-003	-1.61369e-002
-1.198650000000e-003	-1.61369e-002
-1.193450000000e-003	-1.61369e-002
-1.188250000000e-003	-2.01570e-002
-1.183050000000e-003	-2.01570e-002
-1.177850000000e-003	-1.21168e-002
-1.172650000000e-003	-1.61369e-002
-1.167450000000e-003	-1.61369e-002
-1.162250000000e-003	-1.61369e-002
-1.157050000000e-003	-1.61369e-002
-1.151850000000e-003	-2.01570e-002
-1.146650000000e-003	-1.61369e-002
-1.141450000000e-003	-2.01570e-002
-1.136250000000e-003	-2.01570e-002
-1.131050000000e-003	-1.61369e-002
-1.125850000000e-003	-2.01570e-002
-1.120650000000e-003	-2.01570e-002
-1.115450000000e-003	-1.61369e-002
-1.110250000000e-003	-2.01570e-002
-1.105050000000e-003	-1.61369e-002
-1.099850000000e-003	-2.01570e-002
-1.094650000000e-003	-1.61369e-002
-1.089450000000e-003	-2.01570e-002
-1.084250000000e-003	-2.01570e-002
-1.079050000000e-003	-1.61369e-002
-1.073850000000e-003	-2.01570e-002
-1.068650000000e-003	-1.21168e-002
-1.063450000000e-003	-2.01570e-002
-1.058250000000e-003	-1.61369e-002
-1.053050000000e-003	-1.61369e-002
-1.047850000000e-003	-1.61369e-002
-1.042650000000e-003	-1.21168e-002
-1.037450000000e-003	-1.61369e-002
-1.032250000000e-003	-1.61369e-002
-1.027050000000e-003	-2.01570e-002
-1.021850000000e-003	-1.61369e-002
-1.016650000000e-003	-1.61369e-002
-1.011450000000e-003	-1.21168e-002
-1.006250000000e-003	-1.21168e-002
-1.001050000000e-003	-1.61369e-002
-9.958500000000e-004	-1.21168e-002
-9.906500000000e-004	-1.61369e-002
-9.854500000000e-004	-1.61369e-002
-9.802500000000e-004	-1.61369e-002
-9.750500000000e-004	-1.21168e-002
-9.698500000000e-004	-1.61369e-002
-9.646500000000e-004	-1.61369e-002
-9.594500000000e-004	-1.61369e-002
-9.542500000000e-004	-1.21168e-002
-9.490500000000e-004	-1.21168e-002
-9.438500000000e-004	-1.21168e-002
-9.386500000000e-004	-8.09675e-003
-9.334500000000e-004	-2.01570e-002
-9.282500000000e-004	-1.61369e-002
-9.230500000000e-004	-1.61369e-002
-9.178500000000e-004	-1.61369e-002
-9.126500000000e-004	-1.21168e-002
-9.074500000000e-004	-1.61369e-002
-9.022500000000e-004	-1.21168e-002
-8.970500000000e-004	-1.21168e-002
-8.918500000000e-004	-1.21168e-002
-8.866500000000e-004	-1.21168e-002
-8.814500000000e-004	-1.21168e-002
-8.762500000000e-004	-1.21168e-002
-8.710500000000e-004	-8.09675e-003
-8.658500000000e-004	-8.09675e-003
-8.606500000000e-004	-4.07663e-003
-8.554500000000e-004	-8.09675e-003
-8.502500000000e-004	-5.65350e-005
-8.450500000000e-004	-5.65350e-005
-8.398500000000e-004	-4.07663e-003
-8.346500000000e-004	-5.65350e-005
-8.294500000000e-004	-4.07663e-003
-8.242500000000e-004	3.96356e-003
-8.190500000000e-004	-5.65350e-005
-8.138500000000e-004	7.98365e-003
-8.086500000000e-004	3.96356e-003
-8.034500000000e-004	1.20038e-002
-7.982500000000e-004	1.20038e-002
-7.930500000000e-004	1.20038e-002
-7.878500000000e-004	2.00440e-002
-7.826500000000e-004	2.40641e-002
-7.774500000000e-004	3.21043e-002
-7.722500000000e-004	3.61244e-002
-7.670500000000e-004	4.41646e-002
-7.618500000000e-004	6.02450e-002
-7.566500000000e-004	6.42651e-002
-7.514500000000e-004	7.63254e-002
-7.462500000000e-004	9.24058e-002
-7.410500000000e-004	1.00446e-001
-7.358500000000e-004	1.16526e-001
-7.306500000000e-004	1.36627e-001
-7.254500000000e-004	1.52707e-001
-7.202500000000e-004	1.76828e-001
-7.150500000000e-004	2.00948e-001
-7.098500000000e-004	2.25069e-001
-7.046500000000e-004	2.49190e-001
-6.994500000000e-004	2.73310e-001
-6.942500000000e-004	2.93411e-001
-6.890500000000e-004	3.17531e-001
-6.838500000000e-004	3.41652e-001
-6.786500000000e-004	3.65773e-001
-6.734500000000e-004	3.81853e-001
-6.682500000000e-004	4.05974e-001
-6.630500000000e-004	4.34114e-001
-6.578500000000e-004	4.54215e-001
-6.526500000000e-004	4.78335e-001
-6.474500000000e-004	4.98436e-001
-6.422500000000e-004	5.22557e-001
-6.370500000000e-004	5.38637e-001
-6.318500000000e-004	5.38637e-001
-6.266500000000e-004	5.30597e-001
-6.214500000000e-004	5.22557e-001
-6.162500000000e-004	5.18536e-001
-6.110500000000e-004	5.06476e-001
-6.058500000000e-004	4.90396e-001
-6.006500000000e-004	4.78335e-001
-5.954500000000e-004	4.54215e-001
-5.902500000000e-004	4.30094e-001
-5.850500000000e-004	4.09994e-001
-5.798500000000e-004	3.77833e-001
-5.746500000000e-004	3.49692e-001
-5.694500000000e-004	3.21552e-001
-5.642500000000e-004	2.97431e-001
-5.590500000000e-004	2.73310e-001
-5.538500000000e-004	2.49190e-001
-5.486500000000e-004	2.29089e-001
-5.434500000000e-004	2.08989e-001
-5.382500000000e-004	1.92908e-001
-5.330500000000e-004	1.68788e-001
-5.278500000000e-004	1.52707e-001
-5.226500000000e-004	1.32607e-001
-5.174500000000e-004	1.16526e-001
-5.122500000000e-004	1.04466e-001
-5.070500000000e-004	8.83857e-002
-5.018500000000e-004	8.03455e-002
-4.966500000000e-004	6.42651e-002
-4.914500000000e-004	6.02450e-002
-4.862500000000e-004	5.62249e-002
-4.810500000000e-004	4.41646e-002
-4.758500000000e-004	3.61244e-002
-4.706500000000e-004	3.21043e-002
-4.654500000000e-004	2.80842e-002
-4.602500000000e-004	2.80842e-002
-4.550500000000e-004	2.00440e-002
-4.498500000000e-004	2.40641e-002
-4.446500000000e-004	1.60239e-002
-4.394500000000e-004	7.98365e-003
-4.342500000000e-004	1.60239e-002
-4.290500000000e-004	3.96356e-003
-4.238500000000e-004	-5.65350e-005
-4.186500000000e-004	3.96356e-003
-4.134500000000e-004	3.96356e-003
-4.082500000000e-004	-5.65350e-005
-4.030500000000e-004	-4.07663e-003
-3.978500000000e-004	-8.09675e-003
-3.926500000000e-004	-5.65350e-005
-3.874500000000e-004	-8.09675e-003
-3.822500000000e-004	-4.07663e-003
-3.770500000000e-004	-8.09675e-003
-3.718500000000e-004	-8.09675e-003
-3.666500000000e-004	-1.21168e-002
-3.614500000000e-004	-1.21168e-002
-3.562500000000e-004	-1.21168e-002
-3.510500000000e-004	-1.21168e-002
-3.458500000000e-004	-1.21168e-002
-3.406500000000e-004	-1.21168e-002
-3.354500000000e-004	-8.09675e-003
-3.302500000000e-004	-1.21168e-002
-3.250500000000e-004	-1.61369e-002
-3.198500000000e-004	-1.21168e-002
-3.146500000000e-004	-1.61369e-002
-3.094500000000e-004	-1.21168e-002
-3.042500000000e-004	-1.21168e-002
-2.990500000000e-004	-1.61369e-002
-2.938500000000e-004	-1.61369e-002
-2.886500000000e-004	-1.21168e-002
-2.834500000000e-004	-1.61369e-002
-2.782500000000e-004	-1.21168e-002
-2.730500000000e-004	-1.21168e-002
-2.678500000000e-004	-1.61369e-002
-2.626500000000e-004	-1.61369e-002
-2.574500000000e-004	-1.21168e-002
-2.522500000000e-004	-1.61369e-002
-2.470500000000e-004	-1.61369e-002
-2.418500000000e-004	-2.01570e-002
-2.366500000000e-004	-1.61369e-002
-2.314500000000e-004	-2.01570e-002
-2.262500000000e-004	-1.21168e-002
-2.210500000000e-004	-1.21168e-002
-2.158500000000e-004	-1.61369e-002
-2.106500000000e-004	-1.61369e-002
-2.054500000000e-004	-1.61369e-002
-2.002500000000e-004	-1.61369e-002
-1.950500000000e-004	-2.01570e-002
-1.898500000000e-004	-1.61369e-002
-1.846500000000e-004	-1.61369e-002
-1.794500000000e-004	-1.61369e-002
-1.742500000000e-004	-2.01570e-002
-1.690500000000e-004	-1.61369e-002
-1.638500000000e-004	-1.61369e-002
-1.586500000000e-004	-1.61369e-002
-1.534500000000e-004	-1.61369e-002
-1.482500000000e-004	-1.61369e-002
-1.430500000000e-004	-1.61369e-002
-1.378500000000e-004	-2.01570e-002
-1.326500000000e-004	-1.61369e-002
-1.274500000000e-004	-2.01570e-002
-1.222500000000e-004	-2.01570e-002
-1.170500000000e-004	-1.61369e-002
-1.118500000000e-004	-2.01570e-002
-1.066500000000e-004	-2.01570e-002
-1.014500000000e-004	-2.41771e-002
-9.625000000000e-005	-2.01570e-002
-9.105000000000e-005	-1.61369e-002
-8.585000000000e-005	-2.01570e-002
-8.065000000000e-005	-2.01570e-002
-7.545000000000e-005	-2.01570e-002
-7.025000000000e-005	-1.61369e-002
-6.505000000000e-005	-2.81973e-002
-5.985000000000e-005	-2.01570e-002
-5.465000000000e-005	-2.01570e-002
-4.945000000000e-005	-1.61369e-002
-4.425000000000e-005	-1.61369e-002
-3.905000000000e-005	-1.61369e-002
-3.385000000000e-005	-1.61369e-002
-2.865000000000e-005	-2.41771e-002
-2.345000000000e-005	-1.61369e-002
-1.825000000000e-005	-2.01570e-002
-1.305000000000e-005	-1.61369e-002
-7.850000000000e-006	-1.61369e-002
-2.650000000001e-006	-2.01570e-002
2.550000000000e-006	-2.01570e-002
7.749999999999e-006	-2.01570e-002
1.295000000000e-005	-2.01570e-002
1.815000000000e-005	-2.01570e-002
2.335000000000e-005	-2.01570e-002
2.855000000000e-005	-1.61369e-002
3.375000000000e-005	-1.61369e-002
3.895000000000e-005	-2.41771e-002
4.415000000000e-005	-2.01570e-002
4.935000000000e-005	-1.61369e-002
5.455000000000e-005	-1.61369e-002
5.975000000000e-005	-2.01570e-002
6.495000000000e-005	-1.61369e-002
7.015000000000e-005	-1.61369e-002
7.535000000000e-005	-1.61369e-002
8.055000000000e-005	-2.01570e-002
8.575000000000e-005	-1.61369e-002
9.095000000000e-005	-2.01570e-002
9.615000000000e-005	-2.01570e-002
1.013500000000e-004	-2.41771e-002
1.065500000000e-004	-1.61369e-002
1.117500000000e-004	-2.01570e-002
1.169500000000e-004	-1.61369e-002
1.221500000000e-004	-1.61369e-002
1.273500000000e-004	-2.01570e-002
1.325500000000e-004	-1.61369e-002
1.377500000000e-004	-1.61369e-002
1.429500000000e-004	-1.61369e-002
1.481500000000e-004	-2.01570e-002
1.533500000000e-004	-2.01570e-002
1.585500000000e-004	-2.41771e-002
1.637500000000e-004	-1.61369e-002
1.689500000000e-004	-1.61369e-002
1.741500000000e-004	-1.61369e-002
1.793500000000e-004	-1.61369e-002
1.845500000000e-004	-2.41771e-002
1.897500000000e-004	-1.61369e-002
1.949500000000e-004	-2.01570e-002
2.001500000000e-004	-2.01570e-002
2.053500000000e-004	-1.61369e-002
2.105500000000e-004	-1.61369e-002
2.157500000000e-004	-2.01570e-002
2.209500000000e-004	-2.01570e-002
2.261500000000e-004	-1.61369e-002
2.313500000000e-004	-2.01570e-002
2.365500000000e-004	-1.61369e-002
2.417500000000e-004	-2.01570e-002
2.469500000000e-004	-2.01570e-002
2.521500000000e-004	-2.01570e-002
2.573500000000e-004	-1.61369e-002
2.625500000000e-004	-2.01570e-002
2.677500000000e-004	-1.61369e-002
2.729500000000e-004	-2.01570e-002
2.781500000000e-004	-2.01570e-002
2.833500000000e-004	-1.21168e-002
2.885500000000e-004	-1.61369e-002
2.937500000000e-004	-2.41771e-002
2.989500000000e-004	-1.61369e-002
3.041500000000e-004	-2.41771e-002
3.093500000000e-004	-1.61369e-002
3.145500000000e-004	-2.01570e-002
3.197500000000e-004	-2.01570e-002
3.249500000000e-004	-2.01570e-002
3.301500000000e-004	-1.61369e-002
3.353500000000e-004	-2.01570e-002
3.405500000000e-004	-1.61369e-002
3.457500000000e-004	-2.01570e-002
3.509500000000e-004	-1.61369e-002
3.561500000000e-004	-1.61369e-002
3.613500000000e-004	-1.61369e-002
3.665500000000e-004	-2.01570e-002
3.717500000000e-004	-2.01570e-002
3.769500000000e-004	-2.01570e-002
3.821500000000e-004	-2.01570e-002
3.873500000000e-004	-1.61369e-002
3.925500000000e-004	-2.01570e-002
3.977500000000e-004	-2.01570e-002
4.029500000000e-004	-2.41771e-002
4.081500000000e-004	-1.61369e-002
4.133500000000e-004	-2.01570e-002
4.185500000000e-004	-1.61369e-002
4.237500000000e-004	-2.41771e-002
4.289500000000e-004	-2.41771e-002
4.341500000000e-004	-2.01570e-002
4.393500000000e-004	-2.01570e-002
4.445500000000e-004	-2.01570e-002
4.497500000000e-004	-2.01570e-002
4.549500000000e-004	-2.01570e-002
4.601500000000e-004	-1.61369e-002
4.653500000000e-004	-1.61369e-002
4.705500000000e-004	-1.61369e-002
4.757500000000e-004	-2.41771e-002
4.809500000000e-004	-2.01570e-002
4.861500000000e-004	-1.61369e-002
4.913500000000e-004	-1.61369e-002
4.965500000000e-004	-2.01570e-002
5.017500000000e-004	-1.61369e-002
5.069500000000e-004	-1.61369e-002
5.121500000000e-004	-2.01570e-002
5.173500000000e-004	-1.61369e-002
5.225500000000e-004	-2.01570e-002
5.277500000000e-004	-2.01570e-002
5.329500000000e-004	-2.01570e-002
5.381500000000e-004	-1.61369e-002
5.433500000000e-004	-1.61369e-002
5.485500000000e-004	-1.61369e-002
5.537500000000e-004	-1.61369e-002
5.589500000000e-004	-1.61369e-002
5.641500000000e-004	-2.01570e-002
5.693500000000e-004	-1.61369e-002
5.745500000000e-004	-2.01570e-002
5.797500000000e-004	-1.61369e-002
5.849500000000e-004	-2.41771e-002
5.901500000000e-004	-1.61369e-002
5.953500000000e-004	-1.61369e-002
6.005500000000e-004	-2.01570e-002
6.057500000000e-004	-2.41771e-002
6.109500000000e-004	-2.41771e-002
6.161500000000e-004	-2.01570e-002
6.213500000000e-004	-2.01570e-002
6.265500000000e-004	-1.61369e-002
6.317500000000e-004	-2.01570e-002
6.369500000000e-004	-2.01570e-002
6.421500000000e-004	-2.01570e-002
6.473500000000e-004	-1.61369e-002
6.525500000000e-004	-1.61369e-002
6.577500000000e-004	-1.61369e-002
6.629500000000e-004	-2.01570e-002
6.681500000000e-004	-2.41771e-002
6.733500000000e-004	-2.01570e-002
6.785500000000e-004	-2.01570e-002
6.837500000000e-004	-2.01570e-002
6.889500000000e-004	-1.61369e-002
6.941500000000e-004	-2.41771e-002
6.993500000000e-004	-1.61369e-002
7.045500000000e-004	-1.61369e-002
7.097500000000e-004	-1.61369e-002
7.149500000000e-004	-2.41771e-002
7.201500000000e-004	-2.01570e-002
7.253500000000e-004	-2.01570e-002
7.305500000000e-004	-2.01570e-002
7.357500000000e-004	-1.61369e-002
7.409500000000e-004	-2.01570e-002
7.461500000000e-004	-1.61369e-002
7.513500000000e-004	-2.01570e-002
7.565500000000e-004	-2.01570e-002
7.617500000000e-004	-2.01570e-002
7.669500000000e-004	-2.41771e-002
7.721500000000e-004	-2.01570e-002
7.773500000000e-004	-2.41771e-002
7.825500000000e-004	-1.61369e-002
7.877500000000e-004	-2.01570e-002
7.929500000000e-004	-1.61369e-002
7.981500000000e-004	-1.61369e-002
8.033500000000e-004	-1.61369e-002
8.085500000000e-004	-2.01570e-002
8.137500000000e-004	-2.01570e-002
8.189500000000e-004	-2.01570e-002
8.241500000000e-004	-1.61369e-002
8.293500000000e-004	-1.61369e-002
8.345500000000e-004	-2.01570e-002
8.397500000000e-004	-2.01570e-002
8.449500000000e-004	-2.01570e-002
8.501500000000e-004	-1.61369e-002
8.553500000000e-004	-1.61369e-002
8.605500000000e-004	-1.61369e-002
8.657500000000e-004	-1.61369e-002
8.709500000000e-004	-2.01570e-002
8.761500000000e-004	-2.01570e-002
8.813500000000e-004	-1.61369e-002
8.865500000000e-004	-2.01570e-002
8.917500000000e-004	-2.01570e-002
8.969500000000e-004	-2.01570e-002
9.021500000000e-004	-1.61369e-002
9.073500000000e-004	-1.61369e-002
9.125500000000e-004	-2.01570e-002
9.177500000000e-004	-1.61369e-002
9.229500000000e-004	-2.01570e-002
9.281500000000e-004	-1.61369e-002
9.333500000000e-004	-1.61369e-002
9.385500000000e-004	-1.61369e-002
9.437500000000e-004	-2.01570e-002
9.489500000000e-004	-2.01570e-002
9.541500000000e-004	-2.01570e-002
9.593500000000e-004	-2.01570e-002
9.645500000000e-004	-2.01570e-002
9.697500000000e-004	-1.61369e-002
9.749500000000e-004	-2.01570e-002
9.801500000000e-004	-2.41771e-002
9.853500000000e-004	-2.41771e-002
9.905500000000e-004	-2.01570e-002
9.957500000000e-004	-2.01570e-002
1.000950000000e-003	-1.61369e-002
1.006150000000e-003	-1.61369e-002
1.011350000000e-003	-2.01570e-002
1.016550000000e-003	-2.41771e-002
1.021750000000e-003	-2.41771e-002
1.026950000000e-003	-1.61369e-002
1.032150000000e-003	-2.41771e-002
1.037350000000e-003	-2.01570e-002
1.042550000000e-003	-1.61369e-002
1.047750000000e-003	-2.01570e-002
1.052950000000e-003	-1.61369e-002
1.058150000000e-003	-2.01570e-002
1.063350000000e-003	-2.01570e-002
1.068550000000e-003	-2.01570e-002
1.073750000000e-003	-2.01570e-002
1.078950000000e-003	-1.61369e-002
1.084150000000e-003	-2.41771e-002
1.089350000000e-003	-2.01570e-002
1.094550000000e-003	-1.61369e-002
1.099750000000e-003	-2.01570e-002
1.104950000000e-003	-2.01570e-002
1.110150000000e-003	-2.01570e-002
1.115350000000e-003	-1.61369e-002
1.120550000000e-003	-2.01570e-002
1.125750000000e-003	-2.01570e-002
1.130950000000e-003	-1.61369e-002
1.136150000000e-003	-2.01570e-002
1.141350000000e-003	-2.01570e-002
1.146550000000e-003	-2.41771e-002
1.151750000000e-003	-2.01570e-002
1.156950000000e-003	-2.01570e-002
1.162150000000e-003	-1.61369e-002
1.167350000000e-003	-1.61369e-002
1.172550000000e-003	-2.01570e-002
1.177750000000e-003	-2.01570e-002
1.182950000000e-003	-1.61369e-002
1.188150000000e-003	-1.61369e-002
1.193350000000e-003	-2.41771e-002
1.198550000000e-003	-2.41771e-002
1.203750000000e-003	-2.01570e-002
1.208950000000e-003	-1.61369e-002
1.214150000000e-003	-2.01570e-002
1.219350000000e-003	-1.61369e-002
1.224550000000e-003	-1.61369e-002
1.229750000000e-003	-1.61369e-002
1.234950000000e-003	-2.01570e-002
1.240150000000e-003	-2.01570e-002
1.245350000000e-003	-2.01570e-002
1.250550000000e-003	-2.01570e-002
1.255750000000e-003	-2.01570e-002
1.260950000000e-003	-2.41771e-002
1.266150000000e-003	-2.41771e-002
1.271350000000e-003	-2.01570e-002
1.276550000000e-003	-2.41771e-002
1.281750000000e-003	-2.41771e-002
1.286950000000e-003	-2.41771e-002
1.292150000000e-003	-2.01570e-002
1.297350000000e-003	-2.01570e-002
1.302550000000e-003	-2.41771e-002
1.307750000000e-003	-1.61369e-002
1.312950000000e-003	-2.41771e-002
1.318150000000e-003	-1.61369e-002
1.323350000000e-003	-2.41771e-002
1.328550000000e-003	-2.41771e-002
1.333750000000e-003	-1.61369e-002
1.338950000000e-003	-1.61369e-002
1.344150000000e-003	-1.61369e-002
1.349350000000e-003	-2.41771e-002
1.354550000000e-003	-2.01570e-002
1.359750000000e-003	-1.61369e-002
1.364950000000e-003	-2.01570e-002
1.370150000000e-003	-1.61369e-002
1.375350000000e-003	-2.01570e-002
1.380550000000e-003	-2.01570e-002
1.385750000000e-003	-2.41771e-002
1.390950000000e-003	-2.01570e-002
1.396150000000e-003	-2.01570e-002
1.401350000000e-003	-2.01570e-002
1.406550000000e-003	-2.01570e-002
1.411750000000e-003	-1.61369e-002
1.416950000000e-003	-1.61369e-002
1.422150000000e-003	-1.61369e-002
1.427350000000e-003	-2.01570e-002
1.432550000000e-003	-2.41771e-002
1.437750000000e-003	-1.61369e-002
1.442950000000e-003	-2.41771e-002
1.448150000000e-003	-2.01570e-002
1.453350000000e-003	-1.61369e-002
1.458550000000e-003	-2.41771e-002
1.463750000000e-003	-2.41771e-002
1.468950000000e-003	-2.01570e-002
1.474150000000e-003	-1.61369e-002
1.479350000000e-003	-2.41771e-002
1.484550000000e-003	-1.61369e-002
1.489750000000e-003	-2.41771e-002
1.494950000000e-003	-2.01570e-002
1.500150000000e-003	-2.41771e-002
1.505350000000e-003	-1.61369e-002
1.510550000000e-003	-1.61369e-002
1.515750000000e-003	-2.01570e-002
1.520950000000e-003	-2.01570e-002
1.526150000000e-003	-2.01570e-002
1.531350000000e-003	-2.01570e-002
1.536550000000e-003	-2.01570e-002
1.541750000000e-003	-2.01570e-002
1.546950000000e-003	-2.41771e-002
1.552150000000e-003	-2.01570e-002
1.557350000000e-003	-1.61369e-002
1.562550000000e-003	-2.01570e-002
1.567750000000e-003	-2.01570e-002
1.572950000000e-003	-1.61369e-002
1.578150000000e-003	-1.61369e-002
1.583350000000e-003	-2.01570e-002
1.588550000000e-003	-1.61369e-002
1.593750000000e-003	-2.01570e-002
1.598950000000e-003	-1.61369e-002
1.604150000000e-003	-2.41771e-002
1.609350000000e-003	-2.01570e-002
1.614550000000e-003	-2.01570e-002
1.619750000000e-003	-2.41771e-002
1.624950000000e-003	-1.61369e-002
1.630150000000e-003	-1.61369e-002
1.635350000000e-003	-2.01570e-002
1.640550000000e-003	-2.01570e-002
1.645750000000e-003	-1.61369e-002
1.650950000000e-003	-2.41771e-002
1.656150000000e-003	-2.41771e-002
1.661350000000e-003	-1.61369e-002
1.666550000000e-003	-1.61369e-002
1.671750000000e-003	-1.61369e-002
1.676950000000e-003	-2.41771e-002
1.682150000000e-003	-2.01570e-002
1.687350000000e-003	-1.61369e-002
1.692550000000e-003	-2.01570e-002
1.697750000000e-003	-1.61369e-002
1.702950000000e-003	-2.41771e-002
1.708150000000e-003	-2.01570e-002
1.713350000000e-003	-2.01570e-002
1.718550000000e-003	-2.01570e-002
1.723750000000e-003	-2.01570e-002
1.728950000000e-003	-2.01570e-002
1.734150000000e-003	-2.01570e-002
1.739350000000e-003	-2.41771e-002
1.744550000000e-003	-2.41771e-002
1.749750000000e-003	-2.01570e-002
1.754950000000e-003	-1.61369e-002
1.760150000000e-003	-2.41771e-002
1.765350000000e-003	-2.01570e-002
1.770550000000e-003	-2.01570e-002
1.775750000000e-003	-2.01570e-002
1.780950000000e-003	-1.61369e-002
1.786150000000e-003	-2.41771e-002
1.791350000000e-003	-2.41771e-002
1.796550000000e-003	-2.41771e-002
1.801750000000e-003	-1.61369e-002
1.806950000000e-003	-1.61369e-002
1.812150000000e-003	-2.41771e-002
1.817350000000e-003	-2.01570e-002
1.822550000000e-003	-1.61369e-002
1.827750000000e-003	-2.01570e-002
1.832950000000e-003	-2.01570e-002
1.838150000000e-003	-1.61369e-002
1.843350000000e-003	-2.01570e-002
1.848550000000e-003	-1.61369e-002
1.853750000000e-003	-2.01570e-002
1.858950000000e-003	-2.01570e-002
1.864150000000e-003	-1.61369e-002
1.869350000000e-003	-1.61369e-002
1.874550000000e-003	-1.61369e-002
1.879750000000e-003	-1.61369e-002
1.884950000000e-003	-1.61369e-002
1.890150000000e-003	-2.41771e-002
1.895350000000e-003	-2.41771e-002
1.900550000000e-003	-2.01570e-002
1.905750000000e-003	-2.01570e-002
1.910950000000e-003	-2.01570e-002
1.916150000000e-003	-2.01570e-002
1.921350000000e-003	-2.01570e-002
1.926550000000e-003	-2.41771e-002
1.931750000000e-003	-1.61369e-002
1.936950000000e-003	-2.01570e-002
1.942150000000e-003	-1.61369e-002
1.947350000000e-003	-1.61369e-002
1.952550000000e-003	-2.01570e-002
1.957750000000e-003	-2.01570e-002
1.962950000000e-003	-2.01570e-002
1.968150000000e-003	-2.41771e-002
1.973350000000e-003	-2.01570e-002
1.978550000000e-003	-2.01570e-002
1.983750000000e-003	-2.01570e-002
1.988950000000e-003	-2.41771e-002
1.994150000000e-003	-2.41771e-002
1.999350000000e-003	-2.41771e-002
2.004550000000e-003	-1.21168e-002
2.009750000000e-003	-1.61369e-002
2.014950000000e-003	-1.61369e-002
2.020150000000e-003	-2.01570e-002
2.025350000000e-003	-2.01570e-002
2.030550000000e-003	-2.01570e-002
2.035750000000e-003	-1.61369e-002
2.040950000000e-003	-2.01570e-002
2.046150000000e-003	-2.01570e-002
2.051350000000e-003	-2.41771e-002
2.056550000000e-003	-2.41771e-002
2.061750000000e-003	-2.01570e-002
2.066950000000e-003	-2.01570e-002
2.072150000000e-003	-2.01570e-002
2.077350000000e-003	-2.01570e-002
2.082550000000e-003	-2.41771e-002
2.087750000000e-003	-2.01570e-002
2.092950000000e-003	-2.01570e-002
2.098150000000e-003	-1.61369e-002
2.103350000000e-003	-2.41771e-002
2.108550000000e-003	-2.41771e-002
2.113750000000e-003	-2.01570e-002
2.118950000000e-003	-1.61369e-002
2.124150000000e-003	-2.01570e-002
2.129350000000e-003	-2.01570e-002
2.134550000000e-003	-2.01570e-002
2.139750000000e-003	-2.01570e-002
2.144950000000e-003	-1.61369e-002
2.150150000000e-003	-2.01570e-002
2.155350000000e-003	-2.01570e-002
2.160550000000e-003	-1.61369e-002
2.165750000000e-003	-2.01570e-002
2.170950000000e-003	-2.01570e-002
2.176150000000e-003	-2.01570e-002
2.181350000000e-003	-1.61369e-002
2.186550000000e-003	-1.61369e-002
2.191750000000e-003	-2.41771e-002
2.196950000000e-003	-2.01570e-002
2.202150000000e-003	-1.61369e-002
2.207350000000e-003	-2.41771e-002
2.212550000000e-003	-1.61369e-002
2.217750000000e-003	-2.01570e-002
2.222950000000e-003	-2.01570e-002
2.228150000000e-003	-2.41771e-002
2.233350000000e-003	-2.41771e-002
2.238550000000e-003	-2.01570e-002
2.243750000000e-003	-2.01570e-002
2.248950000000e-003	-1.61369e-002
2.254150000000e-003	-2.01570e-002
2.259350000000e-003	-2.01570e-002
2.264550000000e-003	-2.01570e-002
2.269750000000e-003	-2.41771e-002
2.274950000000e-003	-2.01570e-002
2.280150000000e-003	-1.61369e-002
2.285350000000e-003	-1.61369e-002
2.290550000000e-003	-2.01570e-002
2.295750000000e-003	-2.01570e-002
2.300950000000e-003	-2.01570e-002
2.306150000000e-003	-2.41771e-002
2.311350000000e-003	-2.41771e-002
2.316550000000e-003	-2.01570e-002
2.321750000000e-003	-2.01570e-002
2.326950000000e-003	-2.01570e-002
2.332150000000e-003	-2.01570e-002
2.337350000000e-003	-1.61369e-002
2.342550000000e-003	-2.41771e-002
2.347750000000e-003	-2.01570e-002
2.352950000000e-003	-2.01570e-002
2.358150000000e-003	-2.01570e-002
2.363350000000e-003	-1.61369e-002
2.368550000000e-003	-2.01570e-002
2.373750000000e-003	-2.01570e-002
2.378950000000e-003	-2.01570e-002
2.384150000000e-003	-2.01570e-002
2.389350000000e-003	-2.01570e-002
2.394550000000e-003	-1.61369e-002
2.399750000000e-003	-2.01570e-002
2.404950000000e-003	-1.61369e-002
2.410150000000e-003	-1.61369e-002
2.415350000000e-003	-1.61369e-002
2.420550000000e-003	-1.61369e-002
2.425750000000e-003	-2.01570e-002
2.430950000000e-003	-2.01570e-002
2.436150000000e-003	-1.61369e-002
2.441350000000e-003	-2.01570e-002
2.446550000000e-003	-2.01570e-002
2.451750000000e-003	-2.01570e-002
2.456950000000e-003	-1.61369e-002
2.462150000000e-003	-1.61369e-002
2.467350000000e-003	-1.61369e-002
2.472550000000e-003	-1.61369e-002
2.477750000000e-003	-2.01570e-002
2.482950000000e-003	-1.61369e-002
2.488150000000e-003	-2.01570e-002
2.493350000000e-003	-2.01570e-002
2.498550000000e-003	-1.61369e-002
2.503750000000e-003	-2.41771e-002
2.508950000000e-003	-1.61369e-002
2.514150000000e-003	-2.01570e-002
2.519350000000e-003	-2.01570e-002
2.524550000000e-003	-2.01570e-002
2.529750000000e-003	-2.41771e-002
2.534950000000e-003	-2.41771e-002
2.540150000000e-003	-2.01570e-002
2.545350000000e-003	-1.61369e-002
2.550550000000e-003	-2.41771e-002
2.555750000000e-003	-2.01570e-002
2.560950000000e-003	-2.41771e-002
2.566150000000e-003	-2.01570e-002
2.571350000000e-003	-1.61369e-002
2.576550000000e-003	-2.01570e-002
2.581750000000e-003	-2.01570e-002
2.586950000000e-003	-2.01570e-002
2.592150000000e-003	-2.01570e-002
2.597350000000e-003	-1.61369e-002
2.602550000000e-003	-2.41771e-002
2.607750000000e-003	-2.01570e-002
2.612950000000e-003	-2.01570e-002
2.618150000000e-003	-2.01570e-002
2.623350000000e-003	-2.41771e-002
2.628550000000e-003	-2.01570e-002
2.633750000000e-003	-2.01570e-002
2.638950000000e-003	-2.01570e-002
2.644150000000e-003	-1.61369e-002
2.649350000000e-003	-2.41771e-002
2.654550000000e-003	-1.61369e-002
2.659750000000e-003	-1.61369e-002
2.664950000000e-003	-2.01570e-002
2.670150000000e-003	-2.01570e-002
2.675350000000e-003	-2.01570e-002
2.680550000000e-003	-2.41771e-002
2.685750000000e-003	-2.41771e-002
2.690950000000e-003	-2.01570e-002
2.696150000000e-003	-1.61369e-002
2.701350000000e-003	-2.01570e-002
2.706550000000e-003	-1.61369e-002
2.711750000000e-003	-2.01570e-002
2.716950000000e-003	-2.01570e-002
2.722150000000e-003	-1.61369e-002
2.727350000000e-003	-2.41771e-002
2.732550000000e-003	-2.01570e-002
2.737750000000e-003	-2.01570e-002
2.742950000000e-003	-1.61369e-002
2.748150000000e-003	-2.41771e-002
2.753350000000e-003	-2.01570e-002
2.758550000000e-003	-1.61369e-002
2.763750000000e-003	-2.01570e-002
2.768950000000e-003	-1.61369e-002
2.774150000000e-003	-1.61369e-002
2.779350000000e-003	-2.01570e-002
2.784550000000e-003	-2.01570e-002
2.789750000000e-003	-2.01570e-002
2.794950000000e-003	-2.41771e-002
2.800150000000e-003	-1.61369e-002
2.805350000000e-003	-2.41771e-002
2.810550000000e-003	-2.01570e-002
2.815750000000e-003	-2.01570e-002
2.820950000000e-003	-2.41771e-002
2.826150000000e-003	-2.01570e-002
2.831350000000e-003	-2.01570e-002
2.836550000000e-003	-1.61369e-002
2.841750000000e-003	-2.01570e-002
2.846950000000e-003	-1.61369e-002
2.852150000000e-003	-1.61369e-002
2.857350000000e-003	-1.61369e-002
2.862550000000e-003	-1.61369e-002
2.867750000000e-003	-1.61369e-002
2.872950000000e-003	-2.01570e-002
2.878150000000e-003	-2.41771e-002
2.883350000000e-003	-1.61369e-002
2.888550000000e-003	-1.61369e-002
2.893750000000e-003	-2.41771e-002
2.898950000000e-003	-2.01570e-002
2.904150000000e-003	-2.01570e-002
2.909350000000e-003	-1.61369e-002
2.914550000000e-003	-2.01570e-002
2.919750000000e-003	-2.01570e-002
2.924950000000e-003	-2.01570e-002
2.930150000000e-003	-2.01570e-002
2.935350000000e-003	-2.41771e-002
2.940550000000e-003	-2.01570e-002
2.945750000000e-003	-2.41771e-002
2.950950000000e-003	-2.41771e-002
2.956150000000e-003	-2.01570e-002
2.961350000000e-003	-2.01570e-002
2.966550000000e-003	-2.01570e-002
2.971750000000e-003	-2.01570e-002
2.976950000000e-003	-2.01570e-002
2.982150000000e-003	-2.01570e-002
2.987350000000e-003	-2.41771e-002
2.992550000000e-003	-1.61369e-002
2.997750000000e-003	-1.61369e-002
3.002950000000e-003	-1.61369e-002
3.008150000000e-003	-2.01570e-002
3.013350000000e-003	-2.01570e-002
3.018550000000e-003	-2.41771e-002
3.023750000000e-003	-2.01570e-002
3.028950000000e-003	-2.01570e-002
3.034150000000e-003	-2.01570e-002
3.039350000000e-003	-2.01570e-002
3.044550000000e-003	-2.41771e-002
3.049750000000e-003	-1.61369e-002
3.054950000000e-003	-2.01570e-002
3.060150000000e-003	-2.01570e-002
3.065350000000e-003	-2.01570e-002
3.070550000000e-003	-2.01570e-002
3.075750000000e-003	-1.61369e-002
3.080950000000e-003	-2.01570e-002
3.086150000000e-003	-1.61369e-002
3.091350000000e-003	-2.01570e-002
3.096550000000e-003	-2.01570e-002
3.101750000000e-003	-1.61369e-002
3.106950000000e-003	-2.01570e-002
3.112150000000e-003	-1.61369e-002
3.117350000000e-003	-2.41771e-002
3.122550000000e-003	-2.01570e-002
3.127750000000e-003	-2.01570e-002
3.132950000000e-003	-1.61369e-002
3.138150000000e-003	-2.41771e-002
3.143350000000e-003	-2.41771e-002
3.148550000000e-003	-2.01570e-002
3.153750000000e-003	-1.61369e-002
3.158950000000e-003	-2.41771e-002
3.164150000000e-003	-1.61369e-002
3.169350000000e-003	-2.01570e-002
3.174550000000e-003	-2.01570e-002
3.179750000000e-003	-2.01570e-002
3.184950000000e-003	-2.01570e-002
3.190150000000e-003	-2.01570e-002
3.195350000000e-003	-2.01570e-002
3.200550000000e-003	-2.01570e-002
3.205750000000e-003	-2.41771e-002
3.210950000000e-003	-1.61369e-002
3.216150000000e-003	-2.41771e-002
3.221350000000e-003	-2.01570e-002
3.226550000000e-003	-1.61369e-002
3.231750000000e-003	-1.61369e-002
3.236950000000e-003	-1.61369e-002
3.242150000000e-003	-2.01570e-002
3.247350000000e-003	-1.21168e-002
3.252550000000e-003	-1.61369e-002
3.257750000000e-003	-1.61369e-002
3.262950000000e-003	-2.01570e-002
3.268150000000e-003	-2.01570e-002
3.273350000000e-003	-2.01570e-002
3.278550000000e-003	-1.61369e-002
3.283750000000e-003	-2.01570e-002
3.288950000000e-003	-2.01570e-002
3.294150000000e-003	-2.01570e-002
3.299350000000e-003	-1.61369e-002
3.304550000000e-003	-2.01570e-002
3.309750000000e-003	-2.01570e-002
3.314950000000e-003	-1.61369e-002
3.320150000000e-003	-2.01570e-002
3.325350000000e-003	-2.01570e-002
3.330550000000e-003	-1.61369e-002
3.335750000000e-003	-1.61369e-002
3.340950000000e-003	-2.01570e-002
3.346150000000e-003	-2.01570e-002
3.351350000000e-003	-1.61369e-002
3.356550000000e-003	-2.01570e-002
3.361750000000e-003	-2.01570e-002
3.366950000000e-003	-1.61369e-002
3.372150000000e-003	-2.01570e-002
3.377350000000e-003	-2.01570e-002
3.382550000000e-003	-1.61369e-002
3.387750000000e-003	-2.01570e-002
3.392950000000e-003	-1.61369e-002
3.398150000000e-003	-2.01570e-002
3.403350000000e-003	-1.61369e-002
3.408550000000e-003	-2.01570e-002
3.413750000000e-003	-1.61369e-002
3.418950000000e-003	-1.61369e-002
3.424150000000e-003	-1.21168e-002
3.429350000000e-003	-1.61369e-002
3.434550000000e-003	-1.61369e-002
3.439750000000e-003	-1.61369e-002
3.444950000000e-003	-1.61369e-002
3.450150000000e-003	-2.01570e-002
3.455350000000e-003	-2.01570e-002
3.460550000000e-003	-1.61369e-002
3.465750000000e-003	-2.01570e-002
3.470950000000e-003	-2.01570e-002
3.476150000000e-003	-2.01570e-002
3.481350000000e-003	-2.01570e-002
3.486550000000e-003	-1.61369e-002
3.491750000000e-003	-1.61369e-002
3.496950000000e-003	-1.61369e-002
3.502150000000e-003	-1.61369e-002
3.507350000000e-003	-1.61369e-002
3.512550000000e-003	-1.61369e-002
3.517750000000e-003	-1.61369e-002
3.522950000000e-003	-1.61369e-002
3.528150000000e-003	-1.61369e-002
3.533350000000e-003	-2.01570e-002
3.538550000000e-003	-2.01570e-002
3.543750000000e-003	-1.61369e-002
3.548950000000e-003	-1.21168e-002
3.554150000000e-003	-1.21168e-002
3.559350000000e-003	-2.01570e-002
3.564550000000e-003	-1.61369e-002
3.569750000000e-003	-1.61369e-002
3.574950000000e-003	-1.61369e-002
3.580150000000e-003	-1.61369e-002
3.585350000000e-003	-2.01570e-002
3.590550000000e-003	-1.61369e-002
3.595750000000e-003	-1.61369e-002
3.600950000000e-003	-1.21168e-002
3.606150000000e-003	-8.09675e-003
3.611350000000e-003	-1.61369e-002
3.616550000000e-003	-1.61369e-002
3.621750000000e-003	-1.61369e-002
3.626950000000e-003	-1.61369e-002
3.632150000000e-003	-1.21168e-002
3.637350000000e-003	-1.61369e-002
3.642550000000e-003	-1.61369e-002
3.647750000000e-003	-1.21168e-002
3.652950000000e-003	-1.21168e-002
3.658150000000e-003	-1.21168e-002
3.663350000000e-003	-1.21168e-002
3.668550000000e-003	-1.61369e-002
3.673750000000e-003	-1.21168e-002
3.678950000000e-003	-1.21168e-002
3.684150000000e-003	-8.09675e-003
3.689350000000e-003	-1.21168e-002
3.694550000000e-003	-1.21168e-002
3.699750000000e-003	-1.61369e-002
3.704950000000e-003	-8.09675e-003
3.710150000000e-003	-1.21168e-002
3.715350000000e-003	-8.09675e-003
3.720550000000e-003	-1.21168e-002
3.725750000000e-003	-8.09675e-003
3.730950000000e-003	-4.07663e-003
3.736150000000e-003	-4.07663e-003
3.741350000000e-003	-8.09675e-003
3.746550000000e-003	-5.65350e-005
3.751750000000e-003	-4.07663e-003
3.756950000000e-003	-4.07663e-003
3.762150000000e-003	3.96356e-003
3.767350000000e-003	7.98365e-003
3.772550000000e-003	7.98365e-003
3.777750000000e-003	1.20038e-002
3.782950000000e-003	7.98365e-003
3.788150000000e-003	1.60239e-002
3.793350000000e-003	2.40641e-002
3.798550000000e-003	2.40641e-002
3.803750000000e-003	2.80842e-002
3.808950000000e-003	3.61244e-002
3.814150000000e-003	4.81847e-002
3.819350000000e-003	5.22048e-002
3.824550000000e-003	6.82852e-002
3.829750000000e-003	7.63254e-002
3.834950000000e-003	9.24058e-002
3.840150000000e-003	1.12506e-001
3.845350000000e-003	1.28587e-001
3.850550000000e-003	1.48687e-001
3.855750000000e-003	1.72808e-001
3.860950000000e-003	1.92908e-001
3.866150000000e-003	2.21049e-001
3.871350000000e-003	2.45170e-001
3.876550000000e-003	2.61250e-001
3.881750000000e-003	2.85371e-001
3.886950000000e-003	3.13511e-001
3.892150000000e-003	3.41652e-001
3.897350000000e-003	3.69793e-001
3.902550000000e-003	3.97933e-001
3.907750000000e-003	4.26074e-001
3.912950000000e-003	4.46175e-001
3.918150000000e-003	4.74315e-001
3.923350000000e-003	4.90396e-001
3.928550000000e-003	5.06476e-001
3.933750000000e-003	5.22557e-001
3.938950000000e-003	5.22557e-001
3.944150000000e-003	5.22557e-001
3.949350000000e-003	5.18536e-001
3.954550000000e-003	5.14516e-001
3.959750000000e-003	5.06476e-001
3.964950000000e-003	5.02456e-001
3.970150000000e-003	4.94416e-001
3.975350000000e-003	4.78335e-001
3.980550000000e-003	4.62255e-001
3.985750000000e-003	4.42155e-001
3.990950000000e-003	4.22054e-001
3.996150000000e-003	3.97933e-001
4.001350000000e-003	3.65773e-001
4.006550000000e-003	3.37632e-001
4.011750000000e-003	3.13511e-001
4.016950000000e-003	2.89391e-001
4.022150000000e-003	2.65270e-001
4.027350000000e-003	2.41149e-001
4.032550000000e-003	2.21049e-001
4.037750000000e-003	2.00948e-001
4.042950000000e-003	1.80848e-001
4.048150000000e-003	1.60747e-001
4.053350000000e-003	1.44667e-001
4.058550000000e-003	1.28587e-001
4.063750000000e-003	1.12506e-001
4.068950000000e-003	1.04466e-001
4.074150000000e-003	9.24058e-002
4.079350000000e-003	7.63254e-002
4.084550000000e-003	6.82852e-002
4.089750000000e-003	5.62249e-002
4.094950000000e-003	5.62249e-002
4.100150000000e-003	4.41646e-002
4.105350000000e-003	4.01445e-002
4.110550000000e-003	3.21043e-002
4.115750000000e-003	2.80842e-002
4.120950000000e-003	2.40641e-002
4.126150000000e-003	2.00440e-002
4.131350000000e-003	1.20038e-002
4.136550000000e-003	1.20038e-002
4.141750000000e-003	7.98365e-003
4.146950000000e-003	7.98365e-003
4.152150000000e-003	3.96356e-003
4.157350000000e-003	7.98365e-003
4.162550000000e-003	3.96356e-003
4.167750000000e-003	-5.65350e-005
4.172950000000e-003	-5.65350e-005
4.178150000000e-003	-4.07663e-003
4.183350000000e-003	-4.07663e-003
4.188550000000e-003	-8.09675e-003
4.193750000000e-003	-1.21168e-002
4.198950000000e-003	-8.09675e-003
4.204150000000e-003	-8.09675e-003
4.209350000000e-003	-8.09675e-003
4.214550000000e-003	-8.09675e-003
4.219750000000e-003	-8.09675e-003
4.224950000000e-003	-1.21168e-002
4.230150000000e-003	-1.21168e-002
4.235350000000e-003	-1.61369e-002
4.240550000000e-003	-1.21168e-002
4.245750000000e-003	-1.21168e-002
4.250950000000e-003	-1.21168e-002
4.256150000000e-003	-1.61369e-002
4.261350000000e-003	-1.21168e-002
4.266550000000e-003	-1.21168e-002
4.271750000000e-003	-1.61369e-002
4.276950000000e-003	-1.61369e-002
4.282150000000e-003	-2.01570e-002
4.287350000000e-003	-1.21168e-002
4.292550000000e-003	-1.61369e-002
4.297750000000e-003	-1.61369e-002
4.302950000000e-003	-1.21168e-002
4.308150000000e-003	-2.01570e-002
4.313350000000e-003	-1.61369e-002
4.318550000000e-003	-1.61369e-002
4.323750000000e-003	-1.21168e-002
4.328950000000e-003	-1.21168e-002
4.334150000000e-003	-1.61369e-002
4.339350000000e-003	-1.61369e-002
4.344550000000e-003	-1.61369e-002
4.349750000000e-003	-1.61369e-002
4.354950000000e-003	-1.61369e-002
4.360150000000e-003	-2.01570e-002
4.365350000000e-003	-2.01570e-002
4.370550000000e-003	-1.61369e-002
4.375750000000e-003	-2.01570e-002
4.380950000000e-003	-1.61369e-002
4.386150000000e-003	-2.01570e-002
4.391350000000e-003	-2.01570e-002
4.396550000000e-003	-1.61369e-002
4.401750000000e-003	-1.61369e-002
4.406950000000e-003	-1.61369e-002
4.412150000000e-003	-2.81973e-002
4.417350000000e-003	-1.61369e-002
4.422550000000e-003	-1.61369e-002
4.427750000000e-003	-2.01570e-002
4.432950000000e-003	-2.41771e-002
4.438150000000e-003	-2.01570e-002
4.443350000000e-003	-1.61369e-002
4.448550000000e-003	-1.61369e-002
4.453750000000e-003	-1.61369e-002
4.458950000000e-003	-1.61369e-002
4.464150000000e-003	-2.01570e-002
4.469350000000e-003	-2.01570e-002
4.474550000000e-003	-1.21168e-002
4.479750000000e-003	-2.01570e-002
4.484950000000e-003	-2.01570e-002
4.490150000000e-003	-1.61369e-002
4.495350000000e-003	-1.61369e-002
4.500550000000e-003	-1.61369e-002
4.505750000000e-003	-1.61369e-002
4.510950000000e-003	-2.01570e-002
4.516150000000e-003	-1.61369e-002
4.521350000000e-003	-2.01570e-002
4.526550000000e-003	-1.61369e-002
4.531750000000e-003	-2.01570e-002
4.536950000000e-003	-1.61369e-002
4.542150000000e-003	-1.61369e-002
4.547350000000e-003	-1.61369e-002
4.552550000000e-003	-2.01570e-002
4.557750000000e-003	-2.01570e-002
4.562950000000e-003	-1.61369e-002
4.568150000000e-003	-1.61369e-002
4.573350000000e-003	-1.61369e-002
4.578550000000e-003	-2.01570e-002
4.583750000000e-003	-2.01570e-002
4.588950000000e-003	-1.61369e-002
4.594150000000e-003	-1.61369e-002
4.599350000000e-003	-1.61369e-002
4.604550000000e-003	-1.61369e-002
4.609750000000e-003	-1.61369e-002
4.614950000000e-003	-1.61369e-002
4.620150000000e-003	-1.61369e-002
4.625350000000e-003	-2.01570e-002
4.630550000000e-003	-2.01570e-002
4.635750000000e-003	-1.61369e-002
4.640950000000e-003	-1.61369e-002
4.646150000000e-003	-1.61369e-002
4.651350000000e-003	-1.61369e-002
4.656550000000e-003	-2.01570e-002
4.661750000000e-003	-2.01570e-002
4.666950000000e-003	-1.61369e-002
4.672150000000e-003	-2.01570e-002
4.677350000000e-003	-2.41771e-002
4.682550000000e-003	-2.01570e-002
4.687750000000e-003	-2.01570e-002
4.692950000000e-003	-2.41771e-002
4.698150000000e-003	-2.01570e-002
4.703350000000e-003	-2.01570e-002
4.708550000000e-003	-2.01570e-002
4.713750000000e-003	-1.61369e-002
4.718950000000e-003	-1.61369e-002
4.724150000000e-003	-1.61369e-002
4.729350000000e-003	-1.61369e-002
4.734550000000e-003	-1.61369e-002
4.739750000000e-003	-2.41771e-002
4.744950000000e-003	-2.01570e-002
4.750150000000e-003	-2.01570e-002
4.755350000000e-003	-2.01570e-002
4.760550000000e-003	-2.01570e-002
4.765750000000e-003	-2.01570e-002
4.770950000000e-003	-2.01570e-002
4.776150000000e-003	-2.01570e-002
4.781350000000e-003	-2.01570e-002
4.786550000000e-003	-2.01570e-002
4.791750000000e-003	-2.01570e-002
4.796950000000e-003	-1.61369e-002
4.802150000000e-003	-2.01570e-002
4.807350000000e-003	-2.41771e-002
4.812550000000e-003	-1.61369e-002
4.817750000000e-003	-2.41771e-002
4.822950000000e-003	-1.61369e-002
4.828150000000e-003	-1.61369e-002
4.833350000000e-003	-1.61369e-002
4.838550000000e-003	-2.01570e-002
4.843750000000e-003	-1.61369e-002
4.848950000000e-003	-2.01570e-002
4.854150000000e-003	-2.01570e-002
4.859350000000e-003	-2.41771e-002
4.864550000000e-003	-2.01570e-002
4.869750000000e-003	-1.61369e-002
4.874950000000e-003	-2.01570e-002
4.880150000000e-003	-2.41771e-002
4.885350000000e-003	-2.41771e-002
4.890550000000e-003	-2.01570e-002
4.895750000000e-003	-2.01570e-002
4.900950000000e-003	-1.61369e-002
4.906150000000e-003	-2.01570e-002
4.911350000000e-003	-1.61369e-002
4.916550000000e-003	-2.01570e-002
4.921750000000e-003	-2.01570e-002
4.926950000000e-003	-1.61369e-002
4.932150000000e-003	-2.01570e-002
4.937350000000e-003	-1.61369e-002
4.942550000000e-003	-2.01570e-002
4.947750000000e-003	-1.61369e-002
4.952950000000e-003	-1.61369e-002
4.958150000000e-003	-1.61369e-002
4.963350000000e-003	-2.41771e-002
4.968550000000e-003	-1.61369e-002
4.973750000000e-003	-1.61369e-002
4.978950000000e-003	-2.01570e-002
4.984150000000e-003	-1.61369e-002
4.989350000000e-003	-2.01570e-002
4.994550000000e-003	-2.01570e-002
4.999750000000e-003	-1.61369e-002
5.004950000000e-003	-2.41771e-002
5.010150000000e-003	-2.01570e-002
5.015350000000e-003	-2.41771e-002
5.020550000000e-003	-2.01570e-002
5.025750000000e-003	-2.41771e-002
5.030950000000e-003	-2.01570e-002
5.036150000000e-003	-2.01570e-002
5.041350000000e-003	-2.01570e-002
5.046550000000e-003	-2.41771e-002
5.051750000000e-003	-1.61369e-002
5.056950000000e-003	-2.01570e-002
5.062150000000e-003	-2.41771e-002
5.067350000000e-003	-2.01570e-002
5.072550000000e-003	-2.01570e-002
5.077750000000e-003	-2.41771e-002
5.082950000000e-003	-2.01570e-002
5.088150000000e-003	-2.01570e-002