# laser 3 log-file
# log-file start-timestamp: 16.01.2012, 22:04
# Timebase	Jitter [MHz]	setpoint [MHz]	rel. Frequency [MHz]	dev. from setpoint [MHz]	in range? [1/0]	upper bound [MHz]	lower bound [MHz]
22735306	1.069652	-1000	-998.976276	1.023724	1	-998.000000	-1002.000000
22735550	0.586025	-1000	-999.888194	0.111806	1	-998.000000	-1002.000000
22735825	0.636363	-1000	-1000.932626	-0.932626	1	-998.000000	-1002.000000
22736048	2.502739	-1000	-999.043510	0.956490	1	-998.000000	-1002.000000
22736295	1.098457	-1000	-999.232356	0.767644	1	-998.000000	-1002.000000
22736540	1.238464	-1000	-999.235557	0.764443	1	-998.000000	-1002.000000
22736770	1.356200	-1000	-999.044372	0.955628	1	-998.000000	-1002.000000
22737311	1.073371	-1000	-997.557664	2.442336	0	-998.000000	-1002.000000
22737585	0.966915	-1000	-1000.230063	-0.230063	1	-998.000000	-1002.000000
22737851	0.838903	-1000	-1001.136842	-1.136842	1	-998.000000	-1002.000000
22738154	0.685617	-1000	-1001.792274	-1.792274	1	-998.000000	-1002.000000
22738650	0.838829	-1000	-1000.309823	-0.309823	1	-998.000000	-1002.000000
22739202	0.869332	-1000	-1002.160746	-2.160746	0	-998.000000	-1002.000000
22741904	1.340868	1000	949.408600	-50.591400	0	1002.000000	998.000000
22742425	0.741222	1000	958.106331	-41.893669	0	1002.000000	998.000000
22742893	0.581303	1000	970.057901	-29.942099	0	1002.000000	998.000000
22743453	0.494213	1000	981.274747	-18.725253	0	1002.000000	998.000000
22743941	0.672591	1000	980.193985	-19.806015	0	1002.000000	998.000000
22744423	0.853518	1000	992.719265	-7.280735	0	1002.000000	998.000000
22744681	0.487392	1000	1001.473465	1.473465	1	1002.000000	998.000000
22745175	0.810012	1000	1008.102683	8.102683	0	1002.000000	998.000000
22745725	2.859824	1000	1005.890950	5.890950	0	1002.000000	998.000000
22745960	3.716764	1000	999.717379	-0.282621	1	1002.000000	998.000000
22746514	0.654696	1000	997.136366	-2.863634	0	1002.000000	998.000000
22746738	0.561367	1000	999.028633	-0.971367	1	1002.000000	998.000000
22746990	0.271240	1000	999.784117	-0.215883	1	1002.000000	998.000000
22747226	0.552448	1000	998.682369	-1.317631	1	1002.000000	998.000000
22747485	0.536732	1000	998.400895	-1.599105	1	1002.000000	998.000000
22747707	0.707680	1000	999.014420	-0.985580	1	1002.000000	998.000000
22748231	0.626865	1000	997.889974	-2.110026	0	1002.000000	998.000000
22748493	0.814209	1000	1001.555436	1.555436	1	1002.000000	998.000000
22748992	0.749713	1000	1003.572033	3.572033	0	1002.000000	998.000000
22749537	0.483195	1000	998.577441	-1.422559	1	1002.000000	998.000000
22750401	0.653618	1000	999.904335	-0.095665	1	1002.000000	998.000000
22750647	0.693456	1000	1000.468951	0.468951	1	1002.000000	998.000000
22750896	0.490016	1000	999.826089	-0.173911	1	1002.000000	998.000000
22751171	0.420745	1000	999.719270	-0.280730	1	1002.000000	998.000000
22751413	0.221399	1000	998.986661	-1.013339	1	1002.000000	998.000000
22751721	0.737090	1000	999.236620	-0.763380	1	1002.000000	998.000000
22751942	0.658311	1000	999.661144	-0.338856	1	1002.000000	998.000000
22752216	0.678798	1000	999.285339	-0.714661	1	1002.000000	998.000000
22752444	1.055442	1000	999.463694	-0.536306	1	1002.000000	998.000000
22752739	0.718697	1000	998.594743	-1.405257	1	1002.000000	998.000000
22752986	0.775946	1000	998.294134	-1.705866	1	1002.000000	998.000000
22753243	0.801618	1000	998.481168	-1.518832	1	1002.000000	998.000000
22753481	0.550826	1000	999.161307	-0.838693	1	1002.000000	998.000000
22753760	0.420726	1000	998.416380	-1.583620	1	1002.000000	998.000000
22754031	0.695524	1000	998.400390	-1.599610	1	1002.000000	998.000000
22754292	0.803087	1000	998.800881	-1.199119	1	1002.000000	998.000000
22754490	0.320542	1000	998.995295	-1.004705	1	1002.000000	998.000000
22754966	0.562916	1000	1000.044533	0.044533	1	1002.000000	998.000000
22755195	0.552424	1000	998.921848	-1.078152	1	1002.000000	998.000000
22755452	0.856178	1000	999.236620	-0.763380	1	1002.000000	998.000000
22755681	0.522019	1000	998.503991	-1.496009	1	1002.000000	998.000000
22756127	0.785321	1000	997.965228	-2.034772	0	1002.000000	998.000000
22756647	0.756959	1000	1002.474745	2.474745	0	1002.000000	998.000000
22756891	0.741352	1000	1000.604488	0.604488	1	1002.000000	998.000000
22757130	0.234505	1000	999.887148	-0.112852	1	1002.000000	998.000000
22757334	0.341017	1000	999.112575	-0.887425	1	1002.000000	998.000000
22757562	0.914451	1000	1000.434673	0.434673	1	1002.000000	998.000000
22757797	0.353053	1000	1001.532482	1.532482	1	1002.000000	998.000000
22758413	0.827252	1000	1002.348847	2.348847	0	1002.000000	998.000000
22758651	0.537210	1000	998.921848	-1.078152	1	1002.000000	998.000000
22759156	0.616952	1000	998.355260	-1.644740	1	1002.000000	998.000000
22760081	0.278585	1000	997.034993	-2.965007	0	1002.000000	998.000000
22760304	0.389250	1000	999.518033	-0.481967	1	1002.000000	998.000000
22760532	0.573933	1000	1001.188203	1.188203	1	1002.000000	998.000000
22760796	0.584400	1000	1000.084596	0.084596	1	1002.000000	998.000000
22761022	0.239226	1000	1000.264873	0.264873	1	1002.000000	998.000000
22761511	1.049854	1000	997.529952	-2.470048	0	1002.000000	998.000000
22764338	7.661728	-2000	-2040.307076	-40.307076	0	-1998.000000	-2002.000000
22764816	4.161803	-2000	-2024.894458	-24.894458	0	-1998.000000	-2002.000000
22765306	5.346393	-2000	-2014.370598	-14.370598	0	-1998.000000	-2002.000000
22765801	4.085387	-2000	-1995.084317	4.915683	0	-1998.000000	-2002.000000
22766319	2.788632	-2000	-1995.392415	4.607585	0	-1998.000000	-2002.000000
22766534	0.761156	-2000	-1998.487398	1.512602	1	-1998.000000	-2002.000000
22766802	0.508312	-2000	-1998.676244	1.323756	1	-1998.000000	-2002.000000
22767067	0.645253	-2000	-1999.556441	0.443559	1	-1998.000000	-2002.000000
22767342	0.783781	-2000	-2000.058988	-0.058988	1	-1998.000000	-2002.000000
22767593	0.717742	-2000	-1998.168065	1.831935	1	-1998.000000	-2002.000000
22767837	0.656823	-2000	-1999.880618	0.119382	1	-1998.000000	-2002.000000
22768086	1.298844	-2000	-2000.764046	-0.764046	1	-1998.000000	-2002.000000
22768827	0.526695	-2000	-1997.888225	2.111775	0	-1998.000000	-2002.000000
22769377	1.789844	-2000	-2002.379732	-2.379732	0	-1998.000000	-2002.000000
22769613	1.264387	-2000	-1999.166032	0.833968	1	-1998.000000	-2002.000000
22769872	0.311113	-2000	-1999.166032	0.833968	1	-1998.000000	-2002.000000
22770422	0.265924	-2000	-1999.844019	0.155981	1	-1998.000000	-2002.000000
22770642	1.036647	-2000	-2001.695800	-1.695800	1	-1998.000000	-2002.000000
22770888	1.082814	-2000	-2001.118719	-1.118719	1	-1998.000000	-2002.000000
22771412	0.809452	-2000	-2003.952557	-3.952557	0	-1998.000000	-2002.000000
22771913	0.445946	-2000	-1995.115796	4.884204	0	-1998.000000	-2002.000000
22772402	1.234953	-2000	-1996.816842	3.183158	0	-1998.000000	-2002.000000
22772622	0.470079	-2000	-1999.984474	0.015526	1	-1998.000000	-2002.000000
22772897	1.798394	-2000	-2001.853186	-1.853186	1	-1998.000000	-2002.000000
22773239	0.749713	-2000	-2000.939322	-0.939322	1	-1998.000000	-2002.000000
22775724	0.566663	2000	2034.595641	34.595641	0	2002.000000	1998.000000
22776472	1.166228	2000	2028.713860	28.713860	0	2002.000000	1998.000000
22776967	1.063449	2000	2017.428821	17.428821	0	2002.000000	1998.000000
22777737	0.403974	2000	2007.880336	7.880336	0	2002.000000	1998.000000
22778232	4.436704	2000	2005.137477	5.137477	0	2002.000000	1998.000000
22778782	3.849655	2000	1997.782316	-2.217684	0	2002.000000	1998.000000
22779057	2.023981	2000	2001.454650	1.454650	1	2002.000000	1998.000000
22779282	1.191514	2000	1998.933901	-1.066099	1	2002.000000	1998.000000
22779772	0.925590	2000	1996.045414	-3.954586	0	2002.000000	1998.000000
22780284	0.374037	2000	2004.094548	4.094548	0	2002.000000	1998.000000
22780542	0.484769	2000	1999.779863	-0.220137	1	2002.000000	1998.000000
22781038	1.100699	2000	1997.335032	-2.664968	0	2002.000000	1998.000000
22781257	0.955373	2000	1999.454585	-0.545415	1	2002.000000	1998.000000
22781478	0.244494	2000	2001.326373	1.326373	1	2002.000000	1998.000000
22781718	0.663148	2000	2001.658082	1.658082	1	2002.000000	1998.000000
22781972	0.902830	2000	2001.219761	1.219761	1	2002.000000	1998.000000
22782522	1.020295	2000	2002.390749	2.390749	0	2002.000000	1998.000000
22782998	1.846215	2000	1996.537576	-3.462424	0	2002.000000	1998.000000
22783512	0.934428	2000	2002.249783	2.249783	0	2002.000000	1998.000000
22784008	1.049284	2000	1997.513410	-2.486590	0	2002.000000	1998.000000
22784283	1.782131	2000	1999.177803	-0.822197	1	2002.000000	1998.000000
22784778	0.838341	2000	2003.164909	3.164909	0	2002.000000	1998.000000
22785010	1.121636	2000	2001.989762	1.989762	1	2002.000000	1998.000000
22785220	0.638986	2000	1998.222997	-1.777003	1	2002.000000	1998.000000
22787933	1.283799	-3000	-3080.239955	-80.239955	0	-2998.000000	-3002.000000
22788146	4.970242	-3000	-2999.835878	0.164122	1	-2998.000000	-3002.000000
22788683	0.810012	-3000	-2994.547718	5.452282	0	-2998.000000	-3002.000000
22788903	0.610683	-3000	-2998.895062	1.104938	1	-2998.000000	-3002.000000
22789131	0.674136	-3000	-2999.500122	0.499878	1	-2998.000000	-3002.000000
22789618	1.210402	-3000	-2999.265826	0.734174	1	-2998.000000	-3002.000000
22789838	1.083910	-3000	-2998.380913	1.619087	1	-2998.000000	-3002.000000
22790333	1.182965	-3000	-2997.240834	2.759166	0	-2998.000000	-3002.000000
22790554	0.787453	-3000	-2999.814894	0.185106	1	-2998.000000	-3002.000000
22790801	1.183016	-3000	-3000.853640	-0.853640	1	-2998.000000	-3002.000000
22791025	0.335246	-3000	-2999.535125	0.464875	1	-2998.000000	-3002.000000
22791218	0.678887	-3000	-2999.912867	0.087133	1	-2998.000000	-3002.000000
22791723	1.039407	-3000	-2998.503296	1.496704	1	-2998.000000	-3002.000000