381.818007	847.0
381.818009	846.0
381.818036	852.0
381.818044	852.0
381.818053	942.0
381.818066	825.0
381.818072	884.0
381.818076	801.0
381.818096	998.0
381.818106	941.0
381.81811	954.0
381.818123	998.0
381.818148	1037.0
381.818175	1113.0
381.818189	1132.0
381.818198	1033.0
381.818215	1136.0
381.818231	1143.0
381.818244	1161.0
381.818254	1120.0
381.818267	1102.0
381.818276	1289.0
381.818281	1254.0
381.818283	1344.0
381.818288	1262.5
381.818295	1272.0
381.81831	1354.0
381.81832	1447.0
381.818325	1503.0
381.818339	1444.0
381.81835	1522.0
381.81836	1462.0
381.818359	1511.5
381.818372	1602.0
381.818383	1611.0
381.818402	1583.0
381.81843	1413.0
381.818439	1676.0
381.818434	1705.0
381.818449	1682.0
381.818459	1670.0
381.818476	1709.0
381.81848	1688.0
381.8185	1886.0
381.818516	1756.0
381.818544	1901.0
381.818553	1965.0
381.818568	1826.0
381.818569	1948.0
381.818575	2055.0
381.818584	1865.0
381.818616	1947.0
381.818628	2062.0
381.818625	1983.5
381.818635	1909.0
381.818654	1996.0
381.818666	2054.0
381.818665	2015.0
381.818671	2150.0
381.81868	2072.0
381.818687	2086.0
381.8187	2116.0
381.818718	2154.0
381.818732	2281.0
381.818745	2063.0
381.818753	2190.0
381.818759	2132.0
381.818777	2200.0
381.818796	2069.0
381.818809	2093.0
381.818822	2175.0
381.818833	2256.0
381.818855	2196.0
381.818873	2107.0
381.818884	2120.0
381.818912	2016.0
381.818928	2086.0
381.818949	1885.0
381.818961	1832.0
381.818967	2105.0
381.818982	1871.0
381.81899	1929.0
381.819006	1817.0
381.819023	1877.0
381.81905	1822.0
381.819052	1737.5
381.819069	1548.0
381.819105	1696.0
381.819117	1603.0
381.819149	1554.0
381.819163	1618.0
381.819173	1474.0
381.819208	1350.0
381.819255	1456.0
381.819278	1244.0
381.819285	1346.0
381.819291	1196.0
381.819314	1303.0
381.819347	1230.0
381.819358	1162.0
381.819379	1197.0
381.819385	1091.5
381.819398	1098.0
381.819406	990.0
381.819423	1062.0
381.819455	1116.0
381.819485	911.0
381.8195	922.0
381.819515	887.0
381.819545	856.0
381.819577	793.0
381.819635	777.0
381.819646	766.0
381.81967	734.0
381.819684	698.0
381.819709	642.0
381.819725	619.0
381.819751	664.0
381.819773	549.0
381.819793	559.0
381.81981	588.0
381.819827	533.0
381.81986	473.0
381.819887	531.0
381.81992	508.0
381.819927	407.0
381.819959	463.0
381.819997	395.0
381.820021	386.0
381.820052	390.0
381.820097	347.0
381.820183	358.0
381.820229	302.0
381.820248	246.0
381.820289	238.0
381.820345	246.5
381.820426	268.0
381.82047	208.0
381.820487	221.0
381.820532	204.0
381.82057	201.0
381.820635	213.0
381.820667	142.0
381.8207	181.0
381.820739	182.0
381.820799	157.0
381.820846	126.0
381.820869	157.0
381.82089	153.0
381.820938	128.0
381.820967	132.0
381.821041	131.0
381.821107	100.0
381.821163	124.0
381.821303	115.0
381.821312	115.0
381.821325	121.0
381.821362	99.0
381.82151	97.0
381.821574	94.0
381.821734	92.0
381.821829	73.0
381.821853	94.0
381.822004	71.0
381.822104	70.0
381.822261	70.0
381.822299	68.0
381.822355	41.0
381.822373	82.0
381.822413	70.0
381.822441	69.0
381.822479	52.0
381.822529	59.0
381.822574	47.0
381.8226	69.0
381.822651	71.0
381.822693	48.0
381.822735	62.0
381.822764	42.0
381.822822	62.0
381.822856	54.0
381.8229	71.0
381.822938	56.0
381.82303	49.0
381.823079	58.0
381.8231	53.0
381.823172	48.0
381.823229	57.0
381.823309	71.0
381.823326	52.0
381.823401	45.0
381.823468	55.0
381.823502	31.0
381.823678	57.0
381.823728	50.0
381.823752	45.0
381.823872	40.0
381.823911	49.0
381.823969	39.0
381.824002	55.0
381.824107	39.0
381.824153	41.0
381.824203	42.0
381.824292	50.0
381.82434	61.0
381.824414	50.0
381.824497	52.0
381.824561	39.0
381.824589	33.0
381.824643	47.0
381.824685	57.0
381.824746	56.0
381.824755	55.0
381.82491	74.0
381.824999	64.0
381.825062	54.0
381.82512	54.0
381.825277	53.0
381.825317	49.0
381.825405	41.0
381.825498	48.0
381.825554	61.0
381.825622	55.0
381.825681	47.0
381.825747	68.0
381.825802	71.0
381.825846	59.0
381.825948	49.0
381.826006	72.0
381.826032	61.0
381.826202	67.0
381.826253	69.0
381.826291	76.0
381.826326	97.0
381.826411	91.0
381.826484	69.0
381.826553	81.0
381.826632	97.0
381.826712	92.0
381.826831	98.0
381.826904	90.0
381.827021	85.0
381.827161	61.0
381.827208	76.0
381.827272	90.0
381.827312	59.0
381.827507	71.0
381.82754	62.0
381.827602	49.0
381.827668	51.0
381.827727	54.0
381.827752	46.0
381.827805	47.0
381.827881	50.0
381.827961	63.0
381.828021	46.0
381.828092	36.0
381.82815	43.0
381.828214	48.0
381.828286	48.0
381.828367	41.0
381.828448	40.0
381.828501	50.0
#381.853345	36.0
381.828841	82.0
381.828863	38.0
#381.853451	40.0
#381.85345	67.0
381.827977	46.5
381.827975	34.0
381.827963	39.0
381.827869	68.0
381.824037	54.0
381.822037	50.0
381.822001	62.0
381.821424	70.0
381.820085	105.0
381.820059	354.0
381.820007	376.0
381.819912	345.0
381.819844	490.0
381.819778	472.0
381.819759	519.0
381.819706	517.0
381.819653	602.0
381.819596	624.0
381.819534	805.0
381.819471	846.0
381.819407	931.0
381.819372	1003.0
381.819309	1040.0
381.819265	1217.0
381.819204	1448.0
381.819164	1406.0
381.819133	1502.0
381.819099	1590.0
381.819059	1738.0
381.819019	1535.0
381.818993	1899.0
381.818978	1992.0
381.818924	1793.0
381.818898	2056.0
381.818886	1881.0
381.818872	2014.0
381.818837	2133.0
381.818746	2311.0
381.818711	2159.0
381.818691	2105.0
381.818637	2104.0
381.818597	2037.0
381.818572	2046.0
381.818547	1873.0
381.818515	1738.0
381.818473	1844.0
381.818415	1710.0
381.818375	1642.0
381.818333	1382.0
381.818227	1325.0
381.81817	1115.0
381.818141	1101.0
381.818113	1014.0
381.818092	995.0
381.818041	874.0
381.818017	881.0
381.817969	834.0
381.817948	819.0
381.817909	764.0
381.817891	749.0
381.817883	736.0
381.817876	626.0
381.817862	709.0
381.817844	611.0
381.817817	676.0
381.817789	657.0
381.817767	683.0
381.817726	684.0
381.817699	597.0
381.817682	616.0
381.817659	486.0
381.817649	556.0
381.817637	495.0
381.817616	478.0
381.817592	464.0
381.817572	475.0
381.817539	466.0
381.817523	418.0
381.817504	468.0
381.817494	447.0
381.81747	449.0
381.817441	384.0
381.817411	341.0
381.81738	385.0
381.817361	353.0
381.817349	401.0
381.817334	327.0
381.817299	371.0
381.817263	361.0
381.817232	315.0
381.81721	319.0
381.817169	299.0
381.817139	342.0
381.81712	294.0
381.817101	351.0
381.817058	299.0
381.817023	318.0
381.816999	296.0
381.81699	288.0
381.816968	272.0
381.816951	258.0
381.81694	229.0
381.816918	268.0
381.816882	274.0
381.816851	241.0
381.816817	232.0
381.816786	255.0
381.816763	227.0
381.816758	220.0
381.816721	238.0
381.816691	225.0
381.816675	218.0
381.816662	223.0
381.816646	237.0
381.816622	231.0
381.816588	211.0
381.816561	208.0
381.816534	209.0
381.816488	215.0
381.81647	232.0
381.816434	197.0
381.816428	198.0
381.816409	197.0
381.816382	181.0
381.816368	179.0
381.81636	194.0
381.816336	189.0
381.816308	213.0
381.8163	181.0
381.816296	194.0
381.816295	170.0
381.816282	165.0
381.816281	161.0
381.81628	187.0
381.816279	191.0
381.81627	194.0
381.816981	169.0
381.816262	209.0
381.816251	156.0
381.816253	185.0
381.816246	170.0
381.816238	156.0
