387.894954	5198.5
387.894981	5296.0
387.894987	5187.0
387.894999	5187.0
387.895018	4374.0
387.895028	4962.0
387.895038	4595.0
387.895046	4273.0
387.895057	5102.0
387.895067	5122.0
387.895084	5189.0
387.895093	5135.0
387.895107	5186.0
387.895117	5377.0
387.89513	5331.0
387.89514	5408.0
387.895146	4668.0
387.895154	4843.0
387.895164	4986.0
387.895179	5026.0
387.895199	5103.0
387.895215	5573.0
387.895226	5362.0
387.895235	4874.0
387.895242	5287.0
387.895268	5191.0
387.895276	5191.0
387.895291	5094.0
387.895322	5182.0
387.895337	4950.0
387.895345	5010.0
387.895347	5456.0
387.895355	5245.0
387.895371	4754.0
387.895394	3886.0
387.895402	3608.0
387.895407	4717.0
387.895418	5383.0
387.89543	5083.0
387.895459	5101.0
387.895486	5394.0
387.895504	4627.0
387.895539	4568.0
387.895558	4954.0
387.895576	5047.0
387.895616	5100.0
387.895669	5213.0
387.895721	5419.0
387.895778	5304.0
387.895813	4582.0
387.895889	4794.0
387.895969	5224.0
387.896009	5384.0
387.896044	5443.0
387.896126	5430.0
387.896194	4790.0
387.896211	5515.0
387.896216	5279.0
387.896253	5191.0
387.896295	4821.0
387.896326	5175.0
387.896375	4750.0
387.89642	4988.0
387.896472	5157.0
387.89651	4959.0
387.89656	4242.0
387.896629	4842.0
387.896663	4891.0
387.896708	5113.0
387.896742	5046.0
387.896774	5208.0
387.896827	5011.0
387.896854	4577.0
387.89692	4397.0
387.896975	4230.0
387.897019	4491.0
387.897076	4963.0
387.897101	4585.0
387.897157	4903.0
387.897182	4973.0
387.897235	5224.0
387.897317	4798.0
387.897383	4639.0
387.897449	4961.0
387.897472	4891.0
387.897491	4973.0
387.897527	4973.0
387.89756	4822.0
387.897604	4630.0
387.897662	4868.0
387.897742	4882.0
387.897767	5014.0
387.897797	4967.0
387.897829	4975.0
387.897897	4770.0
387.897913	4840.0
387.897954	4874.0
387.898023	4612.0
387.898056	4758.0
387.89808	4570.0
387.898132	4439.0
387.898172	4073.0
387.898189	4602.0
387.898214	4553.0
387.898231	4431.0
387.898259	4499.0
387.898285	4856.0
387.898294	4674.0
387.898292	4553.0
387.898329	4808.0
387.89837	4676.0
387.898439	4686.0
387.89846	4628.0
387.898501	4439.0
387.898578	4366.0
387.898646	4218.0
387.898671	4005.0
387.898701	4358.0
387.898733	4452.0
387.898749	4548.0
387.898748	4560.0
387.898785	4480.0
387.898859	4775.0
387.898894	4541.0
387.89895	4413.0
387.899014	4431.0
387.899059	4198.0
387.899133	4573.0
387.899177	4555.0
387.899207	4418.0
387.899257	4333.0
387.899286	4368.0
387.899333	4381.0
387.899404	4684.0
387.899498	4531.0
387.899585	4172.0
387.899603	4258.0
387.899674	4291.0
387.899785	4181.0
387.899846	4188.0
387.899871	4211.0
387.899913	4221.0
387.899956	3714.0
387.899969	4096.0
387.899992	3916.0
387.900018	4246.0
387.900063	4207.0
387.900137	4158.0
387.900178	4209.0
387.900337	4050.0
387.900375	3994.0
387.900575	3633.0
387.900714	3860.0
387.900758	3809.0
387.90081	3822.0
387.90083	3851.0
387.900886	3798.0
387.90093	3785.0
387.901002	3620.0
387.90105	3840.0
387.901133	3592.0
387.901179	3535.0
387.90123	3764.0
387.901282	3576.0
387.901307	3822.0
387.901466	3563.0
387.901493	3520.0
387.901549	3541.0
387.901601	3428.0
387.901659	3328.0
387.901681	3257.0
387.901689	3545.0
387.901713	3660.0
387.901763	3622.0
387.901791	3745.0
387.901822	3416.0
387.901833	3640.0
387.901866	3686.0
387.901894	3515.0
387.901922	3668.0
387.90198	3584.0
387.90202	3478.5
387.902021	3592.5
387.902028	3536.0
387.902069	3544.0
387.902126	3472.0
387.902183	3735.0
387.902209	3740.0
387.902252	3087.0
387.902267	2949.0
387.90228	3102.0
387.902246	3447.0
387.90075	3439.0
387.900736	3624.0
387.900417	3565.0
387.900323	3800.0
387.899845	3555.0
387.899766	4261.0
387.899695	4285.0
387.899647	4034.0
387.899638	4384.0
387.899613	4255.0
387.899509	4482.0
387.899451	3990.0
387.899224	4042.0
387.899122	4464.0
387.899049	4186.0
387.898968	4491.0
387.898897	4196.0
387.89884	4237.0
387.898533	4108.0
387.898436	4472.0
387.898349	4278.0
387.898207	4288.0
387.898165	4381.0
387.898115	4526.0
387.898053	4623.0
387.897785	4723.0
387.897613	4739.0
387.89755	4440.0
387.897495	4406.0
387.897425	4773.0
387.897331	5026.0
387.897276	4352.0
387.896939	4851.0
387.896895	4663.0
387.896795	4961.0
387.896115	4478.0
387.895729	4716.0
387.895536	4857.0
387.895473	4955.0
387.895393	5490.0
387.895318	4744.0
387.895278	5112.0
387.895217	4605.0
387.895141	5068.0
387.895083	5044.0
387.894839	4810.0
387.894657	4998.0
387.894443	4431.0
387.894378	5258.0
387.894347	4575.0
387.894253	4375.0
387.894218	4108.0
387.894168	4946.0
387.893996	5098.0
387.893985	4952.0
387.893972	3819.0
387.893924	4443.0
387.893837	5185.0
387.89366	5412.0
387.893624	5200.0
387.893616	5210.0
387.893582	4803.0
387.893544	4772.0
387.893486	4481.0
387.89344	4368.0
387.893383	4623.0
387.893342	4900.0
387.893316	5470.0
387.893272	5459.0
387.893226	5307.0
387.893199	4693.0
387.89315	4791.0
387.893102	4709.0
387.893056	4321.0
387.893028	3993.0
387.892995	4995.0
387.892978	3964.0
387.892952	4002.0
387.892929	4461.0
387.892905	4829.0
387.892834	4984.0
387.892791	4779.0
387.892761	4512.0
387.892712	4503.0
387.892665	3841.0
387.892622	4356.0
387.892579	5271.0
387.892519	4894.0
387.89249	4771.0
387.892425	4205.0
387.892251	4613.0
387.892202	4618.0
387.891948	4928.0
387.891904	3557.0
387.89186	4102.0
387.89185	3820.0
387.8918	4425.0
387.891737	4357.0
387.891689	4417.0
387.891659	4094.0
387.891635	3612.0
387.891613	4272.0
387.891552	4205.0
387.891476	3815.0
387.891459	3900.0
387.891425	4161.0
387.891374	4270.0
387.891344	4404.0
387.891306	4031.0
387.891111	4376.0
387.891065	3807.0
387.891022	3902.0
387.89099	3648.0
387.890971	4141.0
387.890949	4218.0
387.890918	4282.0
387.890893	4450.0
387.890892	4292.0
387.890869	3611.0
387.890826	4235.0
387.890791	4290.0
387.890751	3940.0
387.890731	3387.0
387.890651	4502.0
387.890589	4057.0
387.890577	4044.0
387.890571	3896.0
387.890475	4131.0
387.890411	3552.0
387.890325	4137.0
387.890175	3450.0
387.889977	3704.0
387.889936	4064.0
387.889829	4345.0
387.889763	3729.0
387.889736	3443.0
387.889646	2970.0
387.889343	4146.0
387.889254	3687.0
387.88921	3450.0
387.889159	3312.0
387.88912	3440.0
387.889031	3830.0
387.888815	3775.0
387.888737	3453.0
387.888656	3664.0
387.888589	3352.0
387.888418	3545.0
387.888326	3320.0
387.888258	3129.0
387.888225	3282.0
387.888126	3377.0
387.887922	3141.0
387.887845	3063.0
387.887806	2587.0
387.88763	3057.0
387.887565	3052.0
387.88749	3103.0
387.887308	2963.0
387.887215	2947.0
387.887069	2550.0
387.887009	2436.0
387.886963	2198.0
387.886901	2563.0
387.886814	2250.0
387.886591	2307.0
387.886503	2838.0
387.88646	1985.0
387.886415	2768.0
387.886171	2423.0
387.886107	2910.0
387.885748	2790.0
387.885691	2749.0
387.885669	2711.0
387.885658	2589.0
387.885619	2625.0
387.885617	2682.0
387.885639	2458.0
387.885649	2669.0
387.885595	2685.0
387.885539	2486.0
387.885509	2469.0
387.885503	2520.0
387.88551	2435.0
387.885493	2492.0
387.885487	2592.0
387.885483	2504.0
387.885478	2794.0
387.885473	2199.0
387.885797	2380.0
387.886163	2580.0
387.886244	2706.0
387.886767	2915.0
387.886909	2814.0
387.8874	2955.0
387.887456	3113.0
387.887463	3337.0
387.887702	2941.0
387.888093	2419.0
387.88872	3189.0
387.888855	3632.0
387.888921	3208.0
387.889257	3078.0
387.889345	3303.0
387.889403	3435.0
387.88958	3289.0
387.889811	2994.0
387.889867	3487.0
387.88995	3633.0
387.890402	3687.0
387.89053	3617.0
387.890575	3688.0
387.890882	3463.0
387.890942	4265.0
387.892529	3906.0
387.892604	4515.0
387.893478	4644.0
387.894223	4871.0
387.89434	4759.0
387.894369	4806.0
387.894492	4983.0
387.894499	3764.0
387.894609	5028.0
387.894641	5051.0
387.894646	4881.0
387.894662	4530.0
387.894663	4751.0
387.894904	5224.0
387.894905	5113.0
387.89509	4906.0
387.895095	4870.0
387.894984	4237.875
